~~~~~~~~~~~~~~~~~~~~~~~~~~~~~~~~~~~~~~~~~~~~~~~~~~~~~~~~~~
Running OptimTraj, iteration 1
  -> Transcription via trapezoid method, nGrid = 10

                                            First-order      Norm of
 Iter F-count            f(x)  Feasibility   optimality         step
    0      53    2.000000e+00    4.320e+00    8.692e-03
    1     106    1.652958e-01    1.490e+00    2.739e-01    1.683e+01
    2     159    2.461865e-01    1.456e+00    1.100e+00    9.010e+01
    3     212    2.476938e-01    1.456e+00    1.106e+00    4.902e-01
    4     265    2.737606e-01    1.445e+00    1.215e+00    1.130e+01
    5     318    3.259742e-01    1.413e+00    1.412e+00    1.903e+01
    6     371    3.395793e-01    1.406e+00    1.441e+00    5.432e+00
    7     424    3.632439e-01    1.391e+00    1.495e+00    9.313e+00
    8     477    3.720898e-01    1.387e+00    1.515e+00    3.913e+00
    9     530    3.816761e-01    1.382e+00    1.535e+00    5.561e+00
   10     583    3.822331e-01    1.382e+00    1.536e+00    3.876e-01
   11     636    4.143571e-01    1.361e+00    1.583e+00    1.708e+01
   12     689    5.105009e-01    1.353e+00    1.748e+00    7.758e+00
   13     742    5.132743e-01    1.351e+00    1.755e+00    3.164e-01
   14     795    4.882226e-01    1.392e+00    8.078e-04    2.184e+00
   15     848    4.887269e-01    1.392e+00    2.734e-03    1.243e-01
   16     901    4.916879e-01    1.390e+00    1.915e-02    3.127e-01
   17     954    5.545769e-01    9.226e-01    3.612e-02    1.656e+01
   18    1007    5.810516e-01    9.555e-01    4.218e-02    2.779e+01
   19    1060    5.810824e-01    9.554e-01    4.218e-02    7.762e-03
   20    1113    5.862516e-01    9.529e-01    4.745e-02    3.250e+00
   21    1166    6.239384e-01    9.309e-01    4.133e-01    2.345e+01
   22    1219    6.241660e-01    9.308e-01    4.155e-01    1.297e-01
   23    1272    6.282042e-01    9.290e-01    4.323e-01    8.052e-01
   24    1325    6.415830e-01    9.232e-01    4.898e-01    2.732e+00
   25    1378    6.417554e-01    9.230e-01    4.903e-01    1.874e-02
   26    1431    6.565825e-01    9.122e-01    5.154e-01    1.127e+00
   27    1486    9.322253e-01    6.956e-01    1.001e+00    2.420e+01
   28    1541    1.094789e+00    6.456e-01    1.317e+00    2.373e+01
   29    1597    1.193920e+00    6.181e-01    1.553e+00    9.702e+00
   30    1650    1.248921e+00    6.058e-01    1.708e+00    5.222e+00

                                            First-order      Norm of
 Iter F-count            f(x)  Feasibility   optimality         step
   31    1703    1.249173e+00    6.057e-01    1.709e+00    2.814e-02
   32    1758    1.310731e+00    5.873e-01    1.917e+00    6.258e+00
   33    1813    1.341012e+00    5.934e-01    2.013e+00    4.235e+00
   34    1866    1.347029e+00    5.932e-01    2.031e+00    1.005e+00
   35    1919    1.359053e+00    5.939e-01    2.063e+00    2.009e+00
   36    1974    1.371515e+00    5.948e-01    2.093e+00    2.105e+00
   37    2028    1.388102e+00    5.966e-01    2.125e+00    2.949e+00
   38    2081    1.346498e+00    6.061e-01    2.039e+00    7.288e+00
   39    2135    1.384163e+00    6.156e-01    2.121e+00    5.471e+00
   40    2188    1.491742e+00    5.982e-01    2.209e+00    2.202e+01
   41    2241    1.582511e+00    6.210e-01    2.240e+00    1.282e+01
   42    2294    1.582976e+00    6.208e-01    2.241e+00    7.127e-02
   43    2347    1.619865e+00    5.959e-01    2.353e+00    5.367e+00
   44    2400    1.620074e+00    5.957e-01    2.353e+00    3.329e-02
   45    2453    1.621361e+00    5.940e-01    2.356e+00    2.722e-01
   46    2507    1.880671e+00    3.717e-01    2.474e+00    4.951e+01
   47    2560    1.912847e+00    1.458e-02    2.613e+00    1.096e+01
   48    2613    1.913049e+00    7.237e-05    2.611e+00    5.999e-01
   49    2666    1.913228e+00    1.041e-06    2.609e+00    1.462e-01
   50    2720    1.913647e+00    6.106e-08    2.600e+00    6.699e-01
   51    2783    1.914215e+00    7.076e-08    7.756e-03    7.423e-01
   52    2836    1.914639e+00    2.653e-05    7.763e-03    6.171e-01
   53    2889    1.916752e+00    6.652e-04    1.515e-02    3.081e+00
   54    2942    1.918914e+00    6.952e-04    2.807e-02    3.165e+00
   55    2995    1.923521e+00    3.182e-03    5.573e-02    6.771e+00
   56    3048    1.924626e+00    1.902e-04    6.229e-02    1.682e+00
   57    3101    1.925331e+00    6.755e-05    6.631e-02    1.018e+00
   58    3154    1.925670e+00    9.714e-06    6.786e-02    4.328e-01
   59    3207    1.926143e+00    8.280e-06    6.873e-02    4.907e-01
   60    3260    1.927627e+00    9.182e-05    6.947e-02    1.559e+00

                                            First-order      Norm of
 Iter F-count            f(x)  Feasibility   optimality         step
   61    3313    1.931656e+00    6.881e-04    7.812e-02    4.311e+00
   62    3366    1.938388e+00    2.848e-03    1.010e-01    7.779e+00
   63    3419    1.947104e+00    4.758e-03    1.278e-01    9.496e+00
   64    3472    1.949949e+00    3.703e-04    1.349e-01    2.517e+00
   65    3525    1.950482e+00    8.027e-06    1.364e-01    4.332e-01
   66    3578    1.951213e+00    6.191e-05    1.391e-01    9.182e-01
   67    3631    1.952500e+00    1.618e-04    1.439e-01    1.542e+00
   68    3684    1.953541e+00    4.552e-05    1.473e-01    9.921e-01
   69    3737    1.953946e+00    5.163e-06    1.486e-01    3.551e-01
   70    3790    1.954148e+00    1.241e-06    1.492e-01    1.845e-01
   71    3843    1.954241e+00    1.325e-06    1.496e-01    1.479e-01
   72    3896    1.954080e+00    3.659e-06    1.497e-01    1.836e-01
   73    3949    1.952750e+00    7.461e-05    1.489e-01    5.795e-01
   74    4002    1.946049e+00    1.591e-03    1.440e-01    2.611e+00
   75    4055    1.921578e+00    2.299e-02    1.299e-01    9.548e+00
   76    4108    1.909289e+00    3.754e-03    1.275e-01    4.340e+00
   77    4161    1.882705e+00    2.139e-02    1.215e-01    8.806e+00
   78    4214    1.816172e+00    1.089e-01    1.431e-01    1.889e+01
   79    4267    1.765138e+00    5.189e-02    1.658e-01    1.184e+01
   80    4320    1.731162e+00    3.635e-02    1.897e-01    9.698e+00
   81    4373    1.639522e+00    3.027e-01    2.378e-01    2.348e+01
   82    4426    1.610553e+00    5.607e-02    2.484e-01    9.603e+00
   83    4479    1.529996e+00    3.950e-01    2.852e-01    2.483e+01
   84    4532    1.546319e+00    5.840e-03    2.725e-01    5.154e+00
   85    4585    1.536123e+00    9.147e-03    2.816e-01    5.001e+00
   86    4638    1.532973e+00    2.101e-03    2.885e-01    6.543e+00
   87    4691    1.531391e+00    1.511e-03    2.988e-01    8.340e+00
   88    4744    1.530337e+00    2.395e-04    3.085e-01    2.978e+00
   89    4797    1.529847e+00    8.962e-06    3.096e-01    3.723e-01
   90    4850    1.529074e+00    1.319e-05    3.105e-01    6.452e-01

                                            First-order      Norm of
 Iter F-count            f(x)  Feasibility   optimality         step
   91    4903    1.528644e+00    4.289e-06    3.109e-01    3.754e-01
   92    4956    1.528578e+00    9.481e-08    3.109e-01    5.028e-02
   93    5009    1.528567e+00    9.472e-09    3.110e-01    3.379e-03
   94    5062    1.528535e+00    1.075e-07    3.110e-01    1.219e-02
   95    5115    1.528387e+00    2.455e-06    3.111e-01    6.008e-02
   96    5168    1.527656e+00    6.019e-05    3.119e-01    2.986e-01
   97    5221    1.524125e+00    1.417e-03    3.156e-01    1.450e+00
   98    5274    1.509300e+00    2.646e-02    3.317e-01    6.306e+00
   99    5327    1.490430e+00    9.250e-02    3.652e-01    1.563e+01
  100    5380    1.501783e+00    6.845e-03    4.083e-01    1.714e+01
  101    5433    1.497819e+00    7.005e-03    3.053e-01    5.537e+00
  102    5486    1.492747e+00    1.537e-02    2.900e-01    6.330e+00
  103    5539    1.490833e+00    1.182e-03    2.903e-01    3.573e+00
  104    5592    1.487436e+00    8.337e-04    1.901e-01    5.262e+00
  105    5645    1.487087e+00    5.015e-06    1.688e-01    5.545e-01
  106    5698    1.486993e+00    1.315e-06    1.651e-01    1.331e-01
  107    5751    1.486974e+00    6.627e-07    1.651e-01    5.788e-02
  108    5804    1.486978e+00    2.501e-08    1.651e-01    7.731e-03
  109    5857    1.486987e+00    1.193e-07    1.651e-01    1.846e-02
  110    5910    1.487006e+00    5.081e-07    1.651e-01    4.126e-02
  111    5963    1.487039e+00    1.968e-06    1.648e-01    8.570e-02
  112    6016    1.487084e+00    6.769e-06    1.643e-01    1.785e-01
  113    6069    1.487113e+00    1.758e-05    1.624e-01    4.118e-01
  114    6122    1.486979e+00    7.650e-05    1.551e-01    1.193e+00
  115    6175    1.486158e+00    1.142e-03    1.526e-01    4.011e+00
  116    6228    1.484338e+00    7.587e-03    1.448e-01    1.012e+01
  117    6281    1.484886e+00    7.756e-03    1.440e-01    9.502e+00
  118    6334    1.486091e+00    7.030e-04    1.440e-01    2.228e+00
  119    6387    1.486250e+00    7.385e-05    1.444e-01    5.950e-01
  120    6440    1.486306e+00    2.365e-05    1.448e-01    4.393e-01

                                            First-order      Norm of
 Iter F-count            f(x)  Feasibility   optimality         step
  121    6493    1.486316e+00    1.495e-06    1.450e-01    9.644e-02
  122    6546    1.486331e+00    4.757e-07    1.451e-01    5.343e-02
  123    6599    1.486350e+00    5.764e-07    1.452e-01    5.042e-02
  124    6652    1.486370e+00    2.659e-06    1.453e-01    9.254e-02
  125    6705    1.486374e+00    1.080e-05    1.454e-01    1.823e-01
  126    6758    1.486341e+00    4.309e-05    1.455e-01    3.602e-01
  127    6811    1.486219e+00    1.859e-04    1.460e-01    7.022e-01
  128    6864    1.485789e+00    8.375e-04    1.476e-01    1.335e+00
  129    6917    1.484131e+00    3.763e-03    1.525e-01    2.450e+00
  130    6970    1.478077e+00    1.607e-02    1.677e-01    4.674e+00
  131    7023    1.460285e+00    4.895e-02    2.101e-01    1.069e+01
  132    7076    1.421313e+00    1.394e-01    2.815e-01    2.061e+01
  133    7129    1.372830e+00    8.091e-02    3.323e-01    2.039e+01
  134    7182    1.374706e+00    2.184e-02    3.349e-01    1.551e+01
  135    7235    1.367080e+00    8.029e-03    2.255e-01    5.940e+00
  136    7288    1.364755e+00    2.107e-03    2.146e-01    2.413e+00
  137    7341    1.361341e+00    5.065e-03    2.183e-01    3.405e+00
  138    7395    1.355753e+00    1.993e-04    2.469e-01    5.005e+00
  139    7449    1.349604e+00    1.611e-04    2.787e-01    5.534e+00
  140    7503    1.345923e+00    1.387e-04    2.981e-01    3.880e+00
  141    7557    1.345187e+00    1.049e-05    3.035e-01    1.671e+00
  142    7610    1.345870e+00    1.135e-04    3.015e-01    7.361e-01
  143    7663    1.346492e+00    6.538e-05    2.970e-01    6.693e-01
  144    7716    1.345746e+00    4.002e-04    2.885e-01    1.332e+00
  145    7769    1.344729e+00    2.024e-04    2.817e-01    1.107e+00
  146    7822    1.344711e+00    6.067e-07    2.819e-01    1.171e-01
  147    7875    1.344690e+00    1.538e-06    2.820e-01    9.778e-02
  148    7928    1.344703e+00    1.767e-07    2.819e-01    2.562e-02
  149    7981    1.344713e+00    4.040e-08    2.819e-01    1.221e-02
  150    8034    1.344732e+00    1.156e-07    2.819e-01    1.741e-02

                                            First-order      Norm of
 Iter F-count            f(x)  Feasibility   optimality         step
  151    8087    1.344757e+00    7.437e-07    2.821e-01    4.218e-02
  152    8140    1.344777e+00    9.440e-07    2.823e-01    4.766e-02
  153    8193    1.344844e+00    5.394e-06    2.825e-01    1.159e-01
  154    8246    1.345013e+00    1.966e-05    2.827e-01    2.315e-01
  155    8299    1.345312e+00    6.688e-05    2.829e-01    4.088e-01
  156    8352    1.345727e+00    2.543e-04    2.836e-01    7.301e-01
  157    8405    1.346083e+00    9.283e-04    2.852e-01    1.265e+00
  158    8458    1.345644e+00    3.318e-03    2.859e-01    2.052e+00
  159    8511    1.341436e+00    1.035e-02    2.811e-01    2.682e+00
  160    8564    1.323751e+00    1.964e-02    2.677e-01    3.896e+00
  161    8617    1.258049e+00    6.168e-02    2.385e-01    1.986e+01
  162    8670    1.207521e+00    6.324e-02    1.932e-01    2.283e+01
  163    8723    1.205836e+00    7.711e-03    1.215e-01    9.828e+00
  164    8776    1.208384e+00    4.088e-03    1.597e-01    6.776e+00
  165    8829    1.213853e+00    3.947e-03    6.434e-02    6.704e+00
  166    8882    1.215766e+00    9.563e-05    2.864e-02    1.175e+00
  167    8935    1.216398e+00    2.000e-05    2.000e-02    2.951e-01
  168    8988    1.172619e+00    3.466e-02    6.478e-02    1.689e+01
  169    9041    1.154449e+00    8.180e-03    1.006e-01    1.382e+01
  170    9094    1.155033e+00    9.050e-04    6.410e-02    3.321e+00
  171    9147    1.154839e+00    3.224e-05    9.454e-03    6.652e-01
  172    9200    1.154836e+00    6.291e-08    4.000e-03    1.098e-01
  173    9253    1.139792e+00    8.201e-03    1.294e-02    1.234e+01
  174    9306    1.138523e+00    2.326e-03    1.297e-02    6.791e+00
  175    9359    1.138364e+00    5.174e-05    1.114e-02    1.402e+00
  176    9412    1.138181e+00    3.269e-04    9.415e-03    1.015e+00
  177    9465    1.138209e+00    8.424e-05    3.395e-03    5.259e-01
  178    9518    1.138219e+00    1.892e-07    8.000e-04    3.412e-02

Local minimum found that satisfies the constraints.

Optimization completed because the objective function is non-decreasing in 
feasible directions, to within the value of the optimality tolerance,
and constraints are satisfied to within the value of the constraint tolerance.

<stopping criteria details>
~~~~~~~~~~~~~~~~~~~~~~~~~~~~~~~~~~~~~~~~~~~~~~~~~~~~~~~~~~
Running OptimTraj, iteration 2
  -> Transcription via trapezoid method, nGrid = 30

                                            First-order      Norm of
 Iter F-count            f(x)  Feasibility   optimality         step
    0     153    1.138219e+00    1.427e+00    6.224e-04
    1     306    1.145518e+00    6.971e-01    6.844e-03    3.038e+00
    2     459    1.153469e+00    5.238e-03    1.385e-02    2.870e+00
    3     612    1.153798e+00    1.092e-06    1.407e-02    2.712e-01
    4     765    1.154931e+00    2.206e-05    1.616e-02    8.085e-01
    5     918    1.156439e+00    3.878e-05    1.892e-02    1.041e+00
    6    1071    1.157760e+00    2.911e-05    2.001e-02    9.019e-01
    7    1224    1.157435e+00    1.799e-06    7.378e-04    2.236e-01
    8    1377    1.155119e+00    8.937e-05    2.190e-03    1.573e+00
    9    1531    1.153896e+00    8.292e-05    1.198e-03    8.465e-01
   10    1685    1.153407e+00    4.573e-05    8.831e-04    3.446e-01
   11    1838    1.153262e+00    4.070e-07    6.429e-04    1.054e-01
   12    1991    1.153283e+00    1.059e-08    6.429e-04    2.094e-02
   13    2144    1.153235e+00    3.966e-08    6.429e-04    3.114e-02
   14    2297    1.152992e+00    1.009e-06    1.050e-03    1.555e-01
   15    2450    1.151812e+00    2.401e-05    1.216e-03    7.621e-01
   16    2603    1.146620e+00    4.757e-04    1.361e-03    3.464e+00
   17    2756    1.141545e+00    8.069e-04    8.825e-03    3.824e+00
   18    2911    1.142120e+00    6.110e-04    7.372e-03    3.400e-01
   19    3065    1.141778e+00    4.793e-04    5.624e-03    4.037e-01
   20    3218    1.141047e+00    5.350e-05    5.153e-03    1.984e+00
   21    3371    1.137455e+00    1.635e-03    8.239e-03    1.172e+01
   22    3525    1.137123e+00    1.220e-03    4.193e-03    1.088e+00
   23    3678    1.137216e+00    1.921e-06    3.475e-03    4.379e-01
   24    3831    1.137013e+00    1.064e-06    3.158e-03    1.547e-01
   25    3984    1.136229e+00    1.476e-05    3.117e-03    5.914e-01
   26    4137    1.132637e+00    3.138e-04    2.834e-03    2.788e+00
   27    4290    1.130381e+00    3.570e-04    2.836e-03    1.927e+00
   28    4443    1.130787e+00    6.128e-05    2.835e-03    2.517e+00
   29    4596    1.130264e+00    6.573e-06    3.444e-03    9.228e-01
   30    4749    1.130084e+00    1.613e-06    3.796e-03    7.748e-01

                                            First-order      Norm of
 Iter F-count            f(x)  Feasibility   optimality         step
   31    4902    1.129140e+00    3.186e-05    2.849e-03    3.872e+00
   32    5055    1.129538e+00    4.971e-06    2.544e-03    1.495e+00
   33    5208    1.129438e+00    3.258e-07    2.544e-03    1.554e-01
   34    5361    1.129182e+00    2.410e-06    2.469e-03    3.437e-01
   35    5514    1.128261e+00    3.216e-05    1.806e-03    1.494e+00
   36    5667    1.127580e+00    1.949e-05    1.722e-03    1.597e+00
   37    5820    1.127847e+00    2.679e-06    1.721e-03    7.948e-01
   38    5973    1.127732e+00    3.057e-06    1.722e-03    7.713e-01
   39    6126    1.127525e+00    1.537e-05    1.723e-03    1.908e+00
   40    6279    1.127235e+00    3.619e-05    1.623e-03    2.966e+00
   41    6432    1.127224e+00    6.888e-07    1.482e-03    4.577e-01
   42    6585    1.127190e+00    4.115e-08    1.427e-03    7.673e-02
   43    6738    1.127007e+00    1.067e-06    1.278e-03    3.655e-01
   44    6891    1.126360e+00    1.376e-05    7.007e-04    1.333e+00
   45    7044    1.125636e+00    1.956e-05    1.204e-03    1.682e+00
   46    7197    1.124996e+00    1.970e-05    2.192e-03    1.444e+00
   47    7350    1.125124e+00    1.449e-05    4.310e-04    1.294e+00
   48    7503    1.125165e+00    3.069e-07    4.311e-04    2.720e-01
   49    7656    1.125181e+00    8.172e-09    4.310e-04    1.840e-02
   50    7809    1.125165e+00    6.646e-09    4.311e-04    1.760e-02
   51    7962    1.125081e+00    1.821e-07    4.312e-04    8.885e-02
   52    8115    1.124689e+00    3.836e-06    4.347e-04    4.112e-01
   53    8268    1.123466e+00    3.346e-05    3.939e-04    1.305e+00
   54    8421    1.123314e+00    7.842e-06    4.019e-04    1.359e+00
   55    8574    1.123211e+00    1.958e-05    8.491e-04    2.223e+00
   56    8727    1.123425e+00    7.836e-06    9.026e-04    6.109e-01
   57    8880    1.123441e+00    5.573e-08    8.780e-04    1.049e-01
   58    9033    1.123419e+00    9.246e-09    8.659e-04    2.302e-02
   59    9186    1.123312e+00    2.612e-07    8.355e-04    9.325e-02
   60    9339    1.122846e+00    5.049e-06    6.930e-04    4.062e-01

                                            First-order      Norm of
 Iter F-count            f(x)  Feasibility   optimality         step
   61    9492    1.121777e+00    3.003e-05    4.302e-04    9.882e-01
   62    9645    1.122044e+00    3.532e-06    6.336e-04    5.143e-01
   63    9798    1.122059e+00    2.073e-05    8.984e-04    1.800e+00
   64    9951    1.122041e+00    4.364e-08    7.643e-04    1.545e-01
   65   10104    1.122041e+00    2.673e-08    7.590e-04    6.982e-02
   66   10257    1.121995e+00    4.059e-08    7.515e-04    5.578e-02
   67   10410    1.121770e+00    8.469e-07    7.148e-04    2.277e-01
   68   10563    1.120898e+00    1.413e-05    5.491e-04    8.990e-01
   69   10716    1.119760e+00    2.401e-05    7.944e-04    1.479e+00
   70   10869    1.120473e+00    4.280e-05    9.072e-04    9.665e-01
   71   11022    1.120575e+00    1.550e-05    1.111e-03    1.122e+00
   72   11175    1.120585e+00    5.100e-07    1.132e-03    2.614e-01
   73   11328    1.120576e+00    5.540e-08    1.049e-03    8.352e-02
   74   11481    1.120500e+00    2.637e-07    1.041e-03    1.432e-01
   75   11634    1.120122e+00    6.120e-06    1.021e-03    6.844e-01
   76   11787    1.118474e+00    1.203e-04    9.302e-04    3.124e+00
   77   11940    1.116256e+00    3.995e-04    1.474e-03    6.538e+00
   78   12093    1.114976e+00    5.560e-04    2.086e-03    5.420e+00
   79   12246    1.115498e+00    9.133e-06    1.010e-03    1.393e+00
   80   12399    1.115352e+00    4.088e-06    9.278e-04    5.683e-01
   81   12552    1.115365e+00    3.480e-08    9.277e-04    5.936e-02
   82   12705    1.115343e+00    2.737e-08    9.167e-04    3.800e-02
   83   12858    1.115202e+00    1.112e-06    9.057e-04    1.771e-01
   84   13011    1.114507e+00    2.704e-05    8.644e-04    8.606e-01
   85   13164    1.111587e+00    4.840e-04    6.414e-04    3.672e+00
   86   13318    1.110884e+00    3.562e-04    1.177e-03    1.019e+00
   87   13471    1.110751e+00    1.041e-05    1.120e-03    1.052e+00
   88   13624    1.111115e+00    1.318e-05    7.131e-04    1.152e+00
   89   13777    1.111171e+00    2.878e-07    4.959e-04    1.456e-01
   90   13930    1.111178e+00    8.802e-09    4.926e-04    3.974e-02

                                            First-order      Norm of
 Iter F-count            f(x)  Feasibility   optimality         step
   91   14083    1.111165e+00    2.122e-08    4.903e-04    4.914e-02
   92   14236    1.111092e+00    4.403e-07    4.795e-04    2.250e-01
   93   14389    1.110788e+00    8.451e-06    4.365e-04    9.781e-01
   94   14542    1.109891e+00    9.743e-05    4.943e-04    3.259e+00
   95   14695    1.105479e+00    1.927e-03    1.560e-03    1.508e+01
   96   14848    1.103002e+00    1.805e-03    5.620e-03    9.820e+00
   97   15002    1.103580e+00    9.543e-04    4.388e-03    2.815e+00
   98   15156    1.103301e+00    4.990e-04    2.905e-03    1.574e+00
   99   15309    1.103257e+00    6.245e-06    3.951e-04    8.426e-01
  100   15462    1.103309e+00    1.471e-07    3.738e-04    1.149e-01
  101   15615    1.103307e+00    3.052e-10    3.521e-04    8.948e-03
  102   15768    1.103286e+00    1.650e-08    3.506e-04    3.833e-02
  103   15921    1.103180e+00    4.125e-07    3.440e-04    1.873e-01
  104   16074    1.102697e+00    8.835e-06    3.187e-04    8.645e-01
  105   16228    1.102120e+00    1.950e-05    3.305e-04    1.097e+00
  106   16382    1.101773e+00    2.189e-05    3.031e-04    9.809e-01
  107   16535    1.101782e+00    1.481e-05    3.532e-04    1.469e+00
  108   16688    1.101857e+00    6.565e-06    5.219e-04    9.654e-01
  109   16841    1.101852e+00    7.112e-08    5.219e-04    1.063e-01
  110   16994    1.101846e+00    1.049e-09    5.219e-04    1.436e-02
  111   17147    1.101817e+00    2.859e-08    5.179e-04    5.818e-02
  112   17300    1.101678e+00    7.075e-07    4.987e-04    2.797e-01
  113   17453    1.101095e+00    1.258e-05    4.049e-04    1.184e+00
  114   17606    1.100231e+00    2.850e-05    3.501e-04    2.052e+00
  115   17759    1.100666e+00    8.426e-06    3.710e-04    5.723e-01
  116   17912    1.100648e+00    2.775e-07    2.462e-04    1.973e-01
  117   18065    1.100651e+00    1.003e-08    2.462e-04    2.470e-02
  118   18218    1.100649e+00    5.957e-10    2.462e-04    8.820e-03
  119   18371    1.100640e+00    2.852e-09    2.462e-04    3.006e-02
  120   18524    1.100594e+00    7.037e-08    2.463e-04    1.466e-01

                                            First-order      Norm of
 Iter F-count            f(x)  Feasibility   optimality         step
  121   18677    1.100367e+00    1.660e-06    2.507e-04    7.112e-01
  122   18830    1.099398e+00    3.031e-05    2.236e-04    3.037e+00
  123   18984    1.098761e+00    3.920e-05    4.096e-04    2.055e+00
  124   19137    1.097801e+00    1.322e-04    1.375e-03    4.930e+00
  125   19291    1.097519e+00    1.448e-04    1.631e-03    2.533e+00
  126   19444    1.097626e+00    2.821e-05    1.546e-03    1.670e+00
  127   19597    1.097737e+00    1.458e-06    2.008e-04    3.812e-01
  128   19750    1.095473e+00    1.401e-04    2.759e-03    1.960e+00
  129   19903    1.095448e+00    9.661e-07    3.437e-04    2.981e-01
  130   20056    1.095450e+00    2.212e-10    2.887e-04    5.528e-03
  131   20209    1.095448e+00    1.186e-09    2.866e-04    8.510e-03
  132   20362    1.095439e+00    2.926e-08    2.756e-04    4.250e-02
  133   20515    1.095392e+00    7.242e-07    2.701e-04    2.115e-01
  134   20668    1.095163e+00    1.718e-05    2.777e-04    1.029e+00
  135   20821    1.094624e+00    1.046e-04    1.091e-03    2.446e+00
  136   20974    1.094749e+00    1.136e-05    3.833e-04    8.974e-01
  137   21127    1.094475e+00    1.110e-04    1.276e-03    3.941e+00
  138   21280    1.094575e+00    1.422e-05    2.769e-04    1.390e+00
  139   21433    1.094527e+00    3.767e-07    1.599e-04    2.198e-01
  140   21586    1.094526e+00    3.954e-07    1.598e-04    2.652e-01
  141   21739    1.094525e+00    5.617e-09    1.598e-04    3.011e-02
  142   21892    1.094524e+00    7.408e-10    1.598e-04    8.529e-03
  143   22045    1.094518e+00    2.042e-08    1.598e-04    4.497e-02
  144   22198    1.094488e+00    4.831e-07    1.578e-04    2.186e-01
  145   22351    1.094362e+00    8.870e-06    1.264e-04    9.327e-01
  146   22505    1.094290e+00    8.227e-06    2.657e-04    4.922e-01
  147   22658    1.094248e+00    5.088e-06    1.712e-04    5.293e-01
  148   22811    1.094298e+00    1.270e-06    1.707e-04    5.157e-01
  149   22964    1.094298e+00    1.528e-09    1.707e-04    1.166e-02
  150   23117    1.094298e+00    6.948e-11    1.707e-04    2.567e-03

                                            First-order      Norm of
 Iter F-count            f(x)  Feasibility   optimality         step
  151   23270    1.094296e+00    6.624e-10    1.707e-04    1.275e-02
  152   23423    1.094285e+00    1.881e-08    1.707e-04    6.351e-02
  153   23576    1.094233e+00    4.498e-07    1.666e-04    3.098e-01
  154   23729    1.094001e+00    8.248e-06    1.431e-04    1.341e+00
  155   23883    1.093882e+00    6.483e-06    1.489e-04    5.591e-01
  156   24036    1.093752e+00    2.338e-06    2.070e-04    7.045e-01
  157   24189    1.093828e+00    5.101e-07    1.953e-04    1.873e-01
  158   24342    1.093830e+00    1.411e-09    6.485e-05    1.273e-02
  159   24495    1.093830e+00    1.588e-11    6.485e-05    1.155e-03
  160   24648    1.093829e+00    3.522e-10    6.484e-05    4.925e-03
  161   24801    1.093827e+00    8.696e-09    6.468e-05    2.458e-02
  162   24954    1.093816e+00    2.142e-07    6.369e-05    1.220e-01
  163   25107    1.093765e+00    4.969e-06    5.881e-05    5.873e-01
  164   25260    1.093571e+00    7.654e-05    4.312e-05    2.302e+00
  165   25414    1.093599e+00    3.918e-05    5.450e-05    2.442e-01
  166   25567    1.093605e+00    8.592e-08    7.086e-05    1.254e-01
  167   25720    1.093609e+00    1.238e-08    5.120e-05    2.483e-02
  168   25873    1.093610e+00    1.133e-10    5.097e-05    1.429e-03
  169   26026    1.093610e+00    1.943e-11    5.097e-05    1.874e-03
  170   26179    1.093609e+00    5.529e-10    5.098e-05    9.188e-03
  171   26332    1.093607e+00    1.385e-08    5.101e-05    4.589e-02
  172   26485    1.093596e+00    3.438e-07    5.067e-05    2.285e-01
  173   26638    1.093545e+00    8.286e-06    4.739e-05    1.120e+00
  174   26791    1.093333e+00    1.709e-04    2.318e-04    5.056e+00
  175   26944    1.093200e+00    3.827e-04    1.109e-03    7.322e+00
  176   27097    1.093303e+00    6.560e-07    6.108e-04    2.086e-01
  177   27250    1.093303e+00    1.306e-07    4.000e-05    1.211e-01
  178   27403    1.092752e+00    2.539e-05    9.529e-04    9.929e-01
  179   27556    1.092732e+00    1.658e-06    9.060e-05    2.330e-01
  180   27709    1.092734e+00    1.023e-08    4.085e-05    4.602e-02

                                            First-order      Norm of
 Iter F-count            f(x)  Feasibility   optimality         step
  181   27862    1.092734e+00    1.402e-08    4.244e-05    4.256e-02
  182   28015    1.092734e+00    6.684e-08    1.051e-04    9.458e-02
  183   28168    1.092734e+00    1.186e-07    2.065e-04    1.287e-01
  184   28321    1.092733e+00    3.491e-07    3.878e-04    2.293e-01
  185   28474    1.092732e+00    8.136e-07    6.847e-04    3.729e-01
  186   28627    1.092728e+00    1.995e-06    1.172e-03    6.379e-01
  187   28780    1.092720e+00    7.039e-06    1.982e-03    1.092e+00
  188   28933    1.092700e+00    2.582e-05    3.327e-03    1.890e+00
  189   29086    1.092652e+00    8.837e-05    5.407e-03    3.165e+00
  190   29239    1.092559e+00    2.262e-04    7.935e-03    4.632e+00
  191   29392    1.092431e+00    2.611e-04    9.005e-03    4.737e+00
  192   29545    1.092356e+00    2.357e-04    6.167e-03    2.575e+00
  193   29698    1.092360e+00    6.897e-05    2.263e-03    2.055e+00
  194   29851    1.092367e+00    1.452e-05    5.371e-04    1.435e+00
  195   30004    1.092369e+00    8.912e-07    7.770e-05    2.876e-01
  196   30157    1.092369e+00    1.478e-08    5.524e-05    3.631e-02
  197   30310    1.092369e+00    2.900e-08    5.523e-05    4.814e-02
  198   30463    1.092369e+00    7.445e-08    5.523e-05    7.581e-02
  199   30616    1.092368e+00    1.927e-07    1.118e-04    1.204e-01
  200   30769    1.092368e+00    4.898e-07    2.377e-04    1.881e-01
  201   30922    1.092366e+00    1.210e-06    4.276e-04    2.867e-01
  202   31075    1.092363e+00    2.997e-06    6.979e-04    4.190e-01
  203   31228    1.092353e+00    8.014e-06    1.155e-03    5.706e-01
  204   31381    1.092328e+00    2.092e-05    1.901e-03    7.373e-01
  205   31534    1.092266e+00    7.821e-05    3.171e-03    1.374e+00
  206   31687    1.092127e+00    2.745e-04    5.020e-03    3.969e+00
  207   31840    1.091874e+00    5.928e-04    6.815e-03    9.520e+00
  208   31993    1.091606e+00    1.011e-03    6.631e-03    1.384e+01
  209   32146    1.091519e+00    3.874e-04    5.385e-03    8.708e+00
  210   32299    1.091543e+00    4.560e-05    1.492e-03    1.384e+00

                                            First-order      Norm of
 Iter F-count            f(x)  Feasibility   optimality         step
  211   32452    1.091555e+00    1.176e-05    3.262e-04    8.850e-01
  212   32605    1.091557e+00    3.279e-07    3.706e-05    2.109e-01
  213   32758    1.091557e+00    1.065e-09    1.395e-05    1.398e-02
  214   32911    1.091557e+00    1.956e-09    1.393e-05    1.286e-02
  215   33064    1.091557e+00    6.707e-09    2.104e-05    1.850e-02
  216   33217    1.091557e+00    1.774e-08    4.143e-05    2.724e-02
  217   33370    1.091557e+00    4.530e-08    7.198e-05    4.268e-02
  218   33523    1.091557e+00    1.216e-07    1.190e-04    6.941e-02
  219   33676    1.091556e+00    3.246e-07    1.913e-04    1.119e-01
  220   33829    1.091556e+00    9.105e-07    3.093e-04    1.845e-01
  221   33982    1.091554e+00    2.595e-06    5.172e-04    3.087e-01
  222   34135    1.091549e+00    7.728e-06    9.234e-04    5.497e-01
  223   34288    1.091538e+00    2.291e-05    1.708e-03    1.059e+00
  224   34441    1.091511e+00    6.294e-05    3.153e-03    2.178e+00
  225   34594    1.091458e+00    1.291e-04    5.327e-03    4.158e+00
  226   34747    1.091392e+00    6.611e-05    6.725e-03    5.559e+00
  227   34900    1.091363e+00    8.649e-05    4.982e-03    3.186e+00
  228   35053    1.091366e+00    3.866e-05    1.493e-03    1.231e+00
  229   35206    1.091372e+00    2.172e-06    2.045e-04    4.242e-01
  230   35359    1.091373e+00    1.898e-08    1.887e-05    7.535e-02
  231   35512    1.091373e+00    2.278e-10    8.000e-06    5.635e-03
  232   35665    1.091250e+00    7.382e-06    2.820e-04    8.486e-01
  233   35818    1.091250e+00    2.124e-07    5.059e-05    2.079e-01
  234   35971    1.091250e+00    3.974e-09    6.590e-06    2.467e-02
  235   36124    1.091250e+00    2.676e-10    6.596e-06    5.894e-03
  236   36277    1.091250e+00    2.705e-09    1.570e-05    1.848e-02
  237   36430    1.091250e+00    1.711e-08    5.093e-05    4.583e-02
  238   36583    1.091250e+00    2.629e-08    9.392e-05    5.595e-02
  239   36736    1.091250e+00    9.279e-08    1.799e-04    1.046e-01
  240   36889    1.091249e+00    2.287e-07    3.168e-04    1.639e-01

                                            First-order      Norm of
 Iter F-count            f(x)  Feasibility   optimality         step
  241   37042    1.091249e+00    6.371e-07    5.530e-04    2.792e-01
  242   37195    1.091248e+00    1.811e-06    9.367e-04    4.601e-01
  243   37348    1.091244e+00    4.879e-06    1.541e-03    7.929e-01
  244   37501    1.091237e+00    9.056e-06    2.305e-03    1.362e+00
  245   37654    1.091223e+00    1.321e-05    2.939e-03    2.257e+00
  246   37807    1.091210e+00    5.238e-05    3.276e-03    2.587e+00
  247   37960    1.091209e+00    1.866e-05    2.045e-03    1.172e+00
  248   38113    1.091210e+00    3.399e-06    6.079e-04    3.011e-01
  249   38266    1.091211e+00    1.706e-07    8.449e-05    1.416e-01
  250   38419    1.091211e+00    2.740e-09    5.571e-06    2.188e-02
  251   38572    1.091211e+00    4.701e-11    3.430e-06    2.189e-03
  252   38725    1.091211e+00    3.655e-10    7.630e-06    5.990e-03
  253   38878    1.091211e+00    4.844e-09    3.041e-05    2.244e-02
  254   39031    1.091211e+00    1.398e-08    6.728e-05    3.687e-02
  255   39184    1.091211e+00    2.408e-08    1.150e-04    4.859e-02
  256   39337    1.091211e+00    6.953e-08    1.952e-04    8.314e-02
  257   39490    1.091211e+00    1.587e-07    3.119e-04    1.265e-01
  258   39643    1.091210e+00    3.958e-07    4.784e-04    1.988e-01
  259   39796    1.091210e+00    1.172e-06    6.791e-04    3.079e-01
  260   39949    1.091208e+00    3.448e-06    9.236e-04    5.085e-01
  261   40102    1.091205e+00    8.868e-06    1.323e-03    9.636e-01
  262   40255    1.091199e+00    1.439e-05    2.042e-03    1.871e+00
  263   40408    1.091192e+00    1.531e-05    2.294e-03    2.648e+00
  264   40561    1.091190e+00    2.368e-05    1.480e-03    1.902e+00
  265   40714    1.091190e+00    3.409e-06    6.390e-04    6.146e-01
  266   40867    1.091191e+00    3.763e-07    1.308e-04    2.075e-01
  267   41020    1.091191e+00    3.242e-09    1.350e-05    4.432e-02
  268   41173    1.091191e+00    1.141e-10    2.779e-06    3.951e-03
  269   41326    1.091191e+00    3.299e-10    6.952e-06    6.544e-03
  270   41479    1.091191e+00    9.278e-10    1.884e-05    1.148e-02

                                            First-order      Norm of
 Iter F-count            f(x)  Feasibility   optimality         step
  271   41632    1.091191e+00    1.902e-09    3.578e-05    1.631e-02
  272   41785    1.091191e+00    6.195e-09    6.633e-05    2.946e-02
  273   41938    1.091191e+00    1.419e-08    1.121e-04    4.398e-02
  274   42091    1.091191e+00    4.006e-08    1.888e-04    7.420e-02
  275   42244    1.091191e+00    9.442e-08    3.048e-04    1.129e-01
  276   42397    1.091190e+00    2.468e-07    4.886e-04    1.814e-01
  277   42550    1.091190e+00    5.791e-07    7.609e-04    2.824e-01
  278   42703    1.091190e+00    1.228e-06    1.133e-03    4.461e-01
  279   42856    1.091188e+00    2.402e-06    1.542e-03    7.616e-01
  280   43009    1.091185e+00    5.185e-06    2.200e-03    1.479e+00
  281   43162    1.091179e+00    8.060e-06    3.118e-03    2.844e+00
  282   43315    1.091173e+00    1.484e-05    3.246e-03    3.926e+00
  283   43468    1.091171e+00    2.593e-05    2.381e-03    2.750e+00
  284   43621    1.091172e+00    4.842e-06    9.967e-04    8.049e-01
  285   43774    1.091172e+00    1.589e-07    1.759e-04    2.668e-01
  286   43927    1.091172e+00    1.640e-09    1.402e-05    4.857e-02
  287   44080    1.091172e+00    3.964e-11    1.600e-06    4.396e-03
  288   44233    1.091146e+00    1.842e-07    1.216e-04    2.430e-01
  289   44386    1.091146e+00    5.598e-09    4.565e-06    3.870e-02
  290   44539    1.091146e+00    7.964e-11    1.670e-06    7.381e-03
  291   44692    1.091146e+00    8.720e-12    8.886e-07    2.361e-03

Feasible point with lower objective function value found.


Local minimum found that satisfies the constraints.

Optimization completed because the objective function is non-decreasing in 
feasible directions, to within the value of the optimality tolerance,
and constraints are satisfied to within the value of the constraint tolerance.

<stopping criteria details>
Elapsed time is 4.106091 seconds.
>> 