~~~~~~~~~~~~~~~~~~~~~~~~~~~~~~~~~~~~~~~~~~~~~~~~~~~~~~~~~~
Running OptimTraj, iteration 1
  -> Transcription via Hermite-Simpson method, nSegment = 20

                                            First-order      Norm of
 Iter F-count            f(x)  Feasibility   optimality         step
    0     208    2.000000e+00    1.957e+00    6.417e-03
    1     416    1.605558e-01    1.161e+00    1.438e-01    2.743e+01
    2     624    1.952131e-01    1.099e+00    8.027e-01    1.057e+02
    3     832    1.961318e-01    1.098e+00    8.130e-01    1.416e+00
    4    1040    2.062991e-01    1.094e+00    9.217e-01    1.451e+01
    5    1248    2.243761e-01    1.086e+00    1.087e+00    2.636e+01
    6    1456    2.460306e-01    1.076e+00    1.272e+00    3.159e+01
    7    1664    2.468661e-01    1.075e+00    1.282e+00    2.590e+00
    8    1872    2.689476e-01    1.054e+00    1.527e+00    6.978e+01
    9    2080    2.764094e-01    1.048e+00    1.595e+00    2.582e+01
   10    2288    2.891514e-01    1.042e+00    1.672e+00    3.314e+01
   11    2496    2.982579e-01    1.038e+00    1.701e+00    2.839e+01
   12    2704    3.023526e-01    1.037e+00    1.711e+00    1.175e+01
   13    2912    3.119946e-01    1.034e+00    1.729e+00    3.511e+01
   14    3120    3.158221e-01    1.033e+00    1.736e+00    1.424e+01
   15    3328    3.185566e-01    1.032e+00    1.740e+00    7.439e+00
   16    3536    3.318049e-01    1.030e+00    1.759e+00    3.064e+01
   17    3744    3.457303e-01    1.027e+00    1.777e+00    1.875e+01
   18    3952    3.458294e-01    1.027e+00    1.777e+00    1.129e-01
   19    4160    3.759652e-01    9.466e-01    3.270e-04    1.521e+00
   20    4368    3.919220e-01    8.968e-01    2.649e-04    2.214e+00
   21    4576    3.920132e-01    8.968e-01    2.648e-04    1.092e-01
   22    4784    3.963781e-01    8.961e-01    3.150e-03    5.186e+00
   23    4992    3.969578e-01    8.960e-01    3.553e-03    6.747e-01
   24    5200    3.989117e-01    8.957e-01    4.901e-03    2.180e+00
   25    5408    4.003071e-01    8.955e-01    5.818e-03    1.371e+00
   26    5616    4.005596e-01    8.955e-01    5.975e-03    2.256e-01
   27    5824    4.097239e-01    8.943e-01    1.343e-02    7.349e+00
   28    6032    4.131509e-01    8.938e-01    1.598e-02    2.658e+00
   29    6240    4.142497e-01    8.937e-01    1.687e-02    1.018e+00
   30    6448    4.182411e-01    8.932e-01    2.030e-02    3.811e+00

                                            First-order      Norm of
 Iter F-count            f(x)  Feasibility   optimality         step
   31    6656    4.187236e-01    8.931e-01    2.098e-02    5.435e-01
   32    6864    4.205527e-01    8.929e-01    2.391e-02    2.132e+00
   33    7072    4.225841e-01    8.927e-01    2.736e-02    2.467e+00
   34    7280    4.226887e-01    8.927e-01    2.752e-02    1.089e-01
   35    7488    4.287777e-01    8.922e-01    3.656e-02    6.466e+00
   36    7696    4.291826e-01    8.921e-01    3.713e-02    4.099e-01
   37    7904    4.563177e-01    8.936e-01    7.833e-02    2.768e+01
   38    8112    4.564760e-01    8.936e-01    7.860e-02    1.664e-01
   39    8320    4.709456e-01    8.933e-01    1.034e-01    1.457e+01
   40    8528    4.747123e-01    8.930e-01    1.103e-01    3.719e+00
   41    8736    4.839109e-01    8.925e-01    1.277e-01    8.962e+00
   42    8944    4.858622e-01    7.729e-01    8.101e-04    2.148e+01
   43    9152    5.604191e-01    7.442e-01    7.749e-04    3.808e+01
   44    9360    6.158491e-01    7.047e-01    1.314e-03    2.211e+01
   45    9568    6.219663e-01    7.188e-01    1.070e-03    1.440e+01
   46    9776    6.596516e-01    6.692e-01    9.428e-04    5.614e+00
   47    9984    6.597002e-01    6.691e-01    9.428e-04    2.273e-02
   48   10192    6.609127e-01    6.688e-01    1.569e-03    5.820e-01
   49   10400    6.703054e-01    6.658e-01    1.313e-02    4.481e+00
   50   10608    6.855064e-01    6.608e-01    3.158e-02    7.234e+00
   51   10816    7.207310e-01    6.491e-01    7.280e-02    1.679e+01
   52   11024    7.390213e-01    6.427e-01    9.361e-02    8.927e+00
   53   11232    7.983559e-01    6.210e-01    1.562e-01    2.928e+01
   54   11440    7.986624e-01    6.209e-01    1.565e-01    1.513e-01
   55   11648    8.045874e-01    6.187e-01    1.625e-01    2.507e+00
   56   11856    8.082798e-01    6.172e-01    1.662e-01    1.546e+00
   57   12064    8.615004e-01    5.956e-01    2.194e-01    2.407e+01
   58   12272    8.717955e-01    5.915e-01    2.283e-01    4.608e+00
   59   12480    8.719024e-01    5.915e-01    2.284e-01    4.814e-02
   60   12688    8.880837e-01    5.839e-01    2.468e-01    8.154e+00

                                            First-order      Norm of
 Iter F-count            f(x)  Feasibility   optimality         step
   61   12896    8.971326e-01    5.797e-01    2.568e-01    4.497e+00
   62   13104    9.339135e-01    5.620e-01    2.956e-01    1.811e+01
   63   13312    9.431550e-01    5.577e-01    3.048e-01    4.609e+00
   64   13520    9.432869e-01    5.576e-01    3.049e-01    6.668e-02
   65   13728    9.762577e-01    5.422e-01    3.350e-01    1.885e+01
   66   13936    9.769092e-01    5.420e-01    3.356e-01    3.673e-01
   67   14144    9.815434e-01    5.398e-01    3.399e-01    2.813e+00
   68   14352    9.940929e-01    5.340e-01    3.513e-01    7.550e+00
   69   14560    9.965115e-01    5.329e-01    3.534e-01    1.347e+00
   70   14768    1.032004e+00    5.157e-01    3.827e-01    1.973e+01
   71   14976    1.034005e+00    5.148e-01    3.841e-01    1.049e+00
   72   15184    1.036665e+00    5.136e-01    3.860e-01    1.358e+00
   73   15392    1.043787e+00    5.105e-01    3.910e-01    3.101e+00
   74   15600    1.062745e+00    5.023e-01    4.034e-01    7.321e+00
   75   15808    1.075222e+00    4.968e-01    4.112e-01    4.843e+00
   76   16016    1.077975e+00    4.955e-01    4.128e-01    9.990e-01
   77   16224    1.264477e+00    4.338e-01    5.153e-01    6.770e+01
   78   16432    1.265891e+00    4.330e-01    5.161e-01    7.343e-01
   79   16640    1.274209e+00    4.264e-01    5.243e-01    5.104e+00
   80   16848    1.286644e+00    4.166e-01    5.364e-01    7.841e+00
   81   17056    1.286997e+00    4.163e-01    5.367e-01    1.963e-01
   82   17264    1.298991e+00    4.068e-01    5.481e-01    6.625e+00
   83   17472    1.299495e+00    4.063e-01    5.486e-01    2.742e-01
   84   17680    1.338981e+00    3.731e-01    5.874e-01    2.188e+01
   85   17888    1.339451e+00    3.726e-01    5.879e-01    2.175e-01
   86   18096    1.366421e+00    3.475e-01    6.146e-01    1.197e+01
   87   18304    1.379581e+00    3.353e-01    6.269e-01    5.512e+00
   88   18512    1.380406e+00    3.344e-01    6.279e-01    3.913e-01
   89   18720    1.396241e+00    3.170e-01    6.457e-01    7.320e+00
   90   18929    1.413847e+00    2.957e-01    6.619e-01    7.814e+00

                                            First-order      Norm of
 Iter F-count            f(x)  Feasibility   optimality         step
   91   19137    1.421326e+00    2.875e-01    6.698e-01    3.161e+00
   92   19346    1.424798e+00    2.833e-01    6.730e-01    1.467e+00
   93   19554    1.449439e+00    2.551e-01    7.007e-01    1.065e+01
   94   19762    1.647893e+00    3.270e-01    9.111e-01    8.502e+01
   95   19970    1.647796e+00    2.998e-01    9.110e-01    1.377e+00
   96   20178    1.646254e+00    2.981e-03    9.098e-01    1.567e+01
   97   20386    1.645879e+00    2.090e-06    9.102e-01    7.742e-01
   98   20600    1.644608e+00    1.444e-07    3.069e-03    2.897e+00
   99   20808    1.643915e+00    1.528e-05    3.479e-03    2.410e+00
  100   21016    1.642886e+00    3.890e-05    3.988e-03    2.691e+00
  101   21224    1.639736e+00    3.777e-04    6.249e-03    8.186e+00
  102   21432    1.633971e+00    1.068e-03    1.099e-02    1.445e+01
  103   21640    1.624996e+00    2.467e-03    1.949e-02    2.229e+01
  104   21848    1.621384e+00    2.100e-04    2.176e-02    7.879e+00
  105   22056    1.616996e+00    2.579e-04    2.516e-02    9.481e+00
  106   22264    1.612145e+00    1.444e-03    2.705e-02    1.219e+01
  107   22472    1.613500e+00    3.824e-05    2.676e-02    2.957e+00
  108   22680    1.612020e+00    2.033e-04    2.932e-02    3.845e+00
  109   22888    1.608614e+00    1.546e-03    3.658e-02    1.021e+01
  110   23096    1.603296e+00    4.456e-03    4.870e-02    1.719e+01
  111   23304    1.604505e+00    7.973e-05    4.836e-02    3.073e+00
  112   23512    1.604283e+00    1.397e-05    4.908e-02    1.142e+00
  113   23720    1.603972e+00    1.313e-04    5.008e-02    2.821e+00
  114   23928    1.603102e+00    1.324e-03    5.298e-02    9.120e+00
  115   24136    1.601672e+00    3.483e-03    5.789e-02    1.521e+01
  116   24344    1.601070e+00    1.117e-05    5.819e-02    1.670e+00
  117   24552    1.599703e+00    2.892e-05    5.936e-02    3.602e+00
  118   24760    1.597032e+00    1.089e-04    6.121e-02    7.275e+00
  119   24968    1.591009e+00    6.636e-04    6.504e-02    1.751e+01
  120   25176    1.584147e+00    9.766e-04    6.828e-02    2.184e+01

                                            First-order      Norm of
 Iter F-count            f(x)  Feasibility   optimality         step
  121   25384    1.584908e+00    3.543e-04    6.594e-02    6.232e+00
  122   25592    1.585743e+00    2.266e-04    6.390e-02    4.767e+00
  123   25800    1.586028e+00    2.973e-05    6.302e-02    1.591e+00
  124   26008    1.585950e+00    5.836e-06    6.239e-02    1.166e+00
  125   26216    1.585484e+00    5.895e-05    6.102e-02    4.256e+00
  126   26424    1.584016e+00    5.449e-04    5.844e-02    1.247e+01
  127   26632    1.581030e+00    2.659e-03    5.613e-02    2.374e+01
  128   26840    1.580984e+00    1.513e-04    5.503e-02    7.345e+00
  129   27048    1.581201e+00    4.227e-06    5.468e-02    1.419e+00
  130   27256    1.581056e+00    3.731e-06    5.474e-02    9.766e-01
  131   27464    1.580479e+00    3.329e-05    5.571e-02    3.696e+00
  132   27672    1.578907e+00    2.762e-04    5.968e-02    1.216e+01
  133   27880    1.576372e+00    8.612e-04    6.784e-02    2.568e+01
  134   28088    1.574820e+00    7.868e-04    7.450e-02    2.536e+01
  135   28296    1.575599e+00    5.976e-05    7.468e-02    4.478e+00
  136   28504    1.575808e+00    7.654e-06    7.513e-02    1.401e+00
  137   28712    1.575945e+00    1.540e-05    7.536e-02    1.069e+00
  138   28920    1.576003e+00    1.668e-05    7.530e-02    7.983e-01
  139   29128    1.575985e+00    2.088e-05    7.495e-02    8.034e-01
  140   29336    1.575825e+00    3.801e-05    7.417e-02    1.306e+00
  141   29544    1.575198e+00    7.854e-05    7.257e-02    3.493e+00
  142   29752    1.573083e+00    2.102e-04    7.060e-02    9.097e+00
  143   29960    1.567464e+00    1.487e-03    7.647e-02    1.806e+01
  144   30168    1.562533e+00    1.108e-03    8.117e-02    1.388e+01
  145   30376    1.561399e+00    1.059e-04    8.220e-02    3.112e+00
  146   30584    1.561009e+00    2.252e-05    8.266e-02    1.337e+00
  147   30792    1.560911e+00    2.308e-06    8.283e-02    4.247e-01
  148   31000    1.560866e+00    7.431e-07    8.296e-02    3.015e-01
  149   31208    1.560667e+00    5.731e-06    8.327e-02    1.035e+00
  150   31416    1.559652e+00    1.579e-04    8.452e-02    4.704e+00

                                            First-order      Norm of
 Iter F-count            f(x)  Feasibility   optimality         step
  151   31624    1.556119e+00    2.003e-03    8.867e-02    1.678e+01
  152   31832    1.551567e+00    2.800e-03    9.489e-02    2.920e+01
  153   32040    1.550805e+00    9.276e-04    9.769e-02    1.790e+01
  154   32248    1.550592e+00    2.723e-04    9.845e-02    3.067e+00
  155   32456    1.550230e+00    4.979e-04    9.878e-02    3.392e+00
  156   32664    1.550062e+00    2.376e-04    9.891e-02    2.354e+00
  157   32872    1.550020e+00    2.935e-05    9.897e-02    8.116e-01
  158   33080    1.549995e+00    7.086e-06    9.901e-02    3.826e-01
  159   33288    1.549950e+00    5.128e-06    9.908e-02    3.134e-01
  160   33496    1.549778e+00    1.592e-05    9.935e-02    7.057e-01
  161   33704    1.549034e+00    1.728e-04    1.005e-01    2.838e+00
  162   33912    1.546654e+00    1.550e-03    1.044e-01    9.275e+00
  163   34120    1.542544e+00    5.835e-03    1.115e-01    1.734e+01
  164   34328    1.538532e+00    9.198e-03    1.184e-01    1.956e+01
  165   34536    1.537744e+00    6.171e-04    1.202e-01    5.016e+00
  166   34744    1.537144e+00    1.002e-04    1.210e-01    2.039e+00
  167   34952    1.536966e+00    7.454e-06    1.212e-01    6.838e-01
  168   35160    1.536883e+00    7.907e-06    1.213e-01    5.119e-01
  169   35368    1.536786e+00    1.879e-05    1.213e-01    7.429e-01
  170   35576    1.536457e+00    2.599e-05    1.214e-01    1.378e+00
  171   35784    1.535016e+00    8.935e-05    1.222e-01    3.702e+00
  172   35992    1.529639e+00    1.043e-03    1.278e-01    1.218e+01
  173   36200    1.519171e+00    3.947e-03    1.446e-01    2.489e+01
  174   36408    1.513409e+00    1.843e-03    1.511e-01    1.701e+01
  175   36616    1.512041e+00    1.055e-03    1.513e-01    6.207e+00
  176   36824    1.511729e+00    7.431e-04    1.513e-01    5.077e+00
  177   37032    1.511800e+00    8.180e-05    1.513e-01    1.666e+00
  178   37240    1.511850e+00    4.112e-06    1.513e-01    4.128e-01
  179   37448    1.511851e+00    9.998e-07    1.514e-01    3.337e-01
  180   37656    1.511688e+00    1.002e-05    1.514e-01    7.104e-01

                                            First-order      Norm of
 Iter F-count            f(x)  Feasibility   optimality         step
  181   37864    1.510958e+00    1.022e-04    1.516e-01    1.979e+00
  182   38072    1.508616e+00    7.680e-04    1.521e-01    5.555e+00
  183   38280    1.503609e+00    2.816e-03    1.523e-01    1.202e+01
  184   38488    1.497892e+00    3.005e-03    1.502e-01    1.624e+01
  185   38696    1.495127e+00    1.582e-03    1.456e-01    1.351e+01
  186   38904    1.495053e+00    3.601e-04    1.436e-01    9.023e+00
  187   39112    1.496192e+00    9.720e-04    1.426e-01    6.793e+00
  188   39320    1.496844e+00    1.563e-04    1.421e-01    2.380e+00
  189   39528    1.497010e+00    5.649e-06    1.420e-01    5.258e-01
  190   39736    1.497069e+00    7.100e-07    1.419e-01    2.528e-01
  191   39944    1.497078e+00    4.608e-07    1.418e-01    2.413e-01
  192   40152    1.497018e+00    4.090e-07    1.418e-01    3.887e-01
  193   40360    1.496801e+00    1.088e-05    1.417e-01    9.188e-01
  194   40568    1.496099e+00    1.444e-04    1.415e-01    3.090e+00
  195   40776    1.494134e+00    1.304e-03    1.409e-01    1.003e+01
  196   40984    1.491267e+00    3.237e-03    1.398e-01    1.713e+01
  197   41192    1.490177e+00    6.914e-04    1.390e-01    8.734e+00
  198   41400    1.490077e+00    8.751e-06    1.388e-01    1.119e+00
  199   41608    1.490095e+00    9.567e-07    1.388e-01    4.381e-01
  200   41816    1.490134e+00    1.510e-06    1.388e-01    4.446e-01
  201   42024    1.490138e+00    9.992e-07    1.387e-01    4.796e-01
  202   42232    1.489935e+00    3.428e-06    1.386e-01    7.902e-01
  203   42440    1.488778e+00    9.073e-05    1.378e-01    2.855e+00
  204   42648    1.484380e+00    1.280e-03    1.380e-01    1.058e+01
  205   42856    1.476484e+00    4.487e-03    1.393e-01    2.178e+01
  206   43064    1.472691e+00    1.382e-03    1.381e-01    1.577e+01
  207   43272    1.472043e+00    4.577e-05    1.377e-01    2.111e+00
  208   43480    1.471870e+00    5.188e-06    1.378e-01    5.322e-01
  209   43688    1.471826e+00    9.548e-07    1.378e-01    2.541e-01
  210   43896    1.471792e+00    1.062e-06    1.379e-01    2.680e-01

                                            First-order      Norm of
 Iter F-count            f(x)  Feasibility   optimality         step
  211   44104    1.471724e+00    2.124e-06    1.378e-01    3.906e-01
  212   44312    1.471508e+00    3.103e-06    1.375e-01    8.146e-01
  213   44520    1.470685e+00    6.955e-05    1.361e-01    2.714e+00
  214   44728    1.467864e+00    9.090e-04    1.310e-01    9.525e+00
  215   44936    1.462583e+00    3.431e-03    1.212e-01    1.974e+01
  216   45144    1.459730e+00    1.247e-03    1.154e-01    1.507e+01
  217   45352    1.459591e+00    3.003e-05    1.150e-01    2.319e+00
  218   45560    1.459593e+00    1.101e-06    1.152e-01    3.989e-01
  219   45768    1.459608e+00    2.522e-07    1.153e-01    2.004e-01
  220   45976    1.459616e+00    1.460e-07    1.153e-01    1.745e-01
  221   46184    1.459595e+00    3.790e-07    1.153e-01    2.636e-01
  222   46392    1.459440e+00    5.209e-06    1.155e-01    7.776e-01
  223   46600    1.458700e+00    1.142e-04    1.167e-01    3.295e+00
  224   46808    1.456153e+00    1.459e-03    1.212e-01    1.171e+01
  225   47016    1.452513e+00    4.252e-03    1.285e-01    2.090e+01
  226   47224    1.451660e+00    1.037e-03    1.314e-01    1.190e+01
  227   47432    1.451748e+00    1.281e-05    1.315e-01    1.447e+00
  228   47640    1.451771e+00    4.972e-07    1.316e-01    1.928e-01
  229   47848    1.451760e+00    2.377e-07    1.316e-01    1.498e-01
  230   48056    1.451728e+00    5.410e-07    1.316e-01    1.877e-01
  231   48264    1.451652e+00    1.503e-06    1.317e-01    2.844e-01
  232   48472    1.451431e+00    8.871e-06    1.316e-01    5.862e-01
  233   48680    1.450660e+00    7.174e-05    1.310e-01    1.985e+00
  234   48888    1.447971e+00    6.326e-04    1.287e-01    7.722e+00
  235   49096    1.442253e+00    2.756e-03    1.226e-01    1.990e+01
  236   49304    1.438793e+00    2.059e-03    1.162e-01    2.040e+01
  237   49512    1.438498e+00    1.172e-04    1.149e-01    4.491e+00
  238   49720    1.438369e+00    4.788e-06    1.150e-01    7.220e-01
  239   49928    1.438320e+00    9.410e-07    1.150e-01    3.103e-01
  240   50136    1.438297e+00    9.405e-08    1.150e-01    1.599e-01

                                            First-order      Norm of
 Iter F-count            f(x)  Feasibility   optimality         step
  241   50344    1.438270e+00    2.661e-07    1.149e-01    1.877e-01
  242   50552    1.438195e+00    9.783e-07    1.148e-01    4.047e-01
  243   50760    1.437908e+00    7.069e-06    1.147e-01    1.274e+00
  244   50968    1.436807e+00    1.548e-04    1.146e-01    4.548e+00
  245   51176    1.433960e+00    1.448e-03    1.145e-01    1.246e+01
  246   51384    1.431438e+00    2.439e-03    1.155e-01    1.623e+01
  247   51592    1.431657e+00    6.006e-04    1.167e-01    6.702e+00
  248   51800    1.432296e+00    2.112e-04    1.173e-01    2.607e+00
  249   52008    1.432559e+00    3.040e-05    1.172e-01    1.065e+00
  250   52216    1.432566e+00    1.764e-07    1.171e-01    1.746e-01
  251   52424    1.432546e+00    1.633e-07    1.171e-01    1.247e-01
  252   52632    1.432524e+00    3.066e-07    1.171e-01    1.163e-01
  253   52840    1.432494e+00    6.655e-07    1.171e-01    1.483e-01
  254   53048    1.432422e+00    1.863e-06    1.172e-01    2.746e-01
  255   53256    1.432151e+00    7.878e-06    1.175e-01    8.238e-01
  256   53464    1.431022e+00    8.273e-05    1.181e-01    3.285e+00
  257   53672    1.427435e+00    9.118e-04    1.194e-01    1.071e+01
  258   53880    1.422907e+00    1.937e-03    1.208e-01    1.549e+01
  259   54088    1.421991e+00    2.067e-04    1.209e-01    5.226e+00
  260   54296    1.421956e+00    1.394e-05    1.207e-01    8.027e-01
  261   54504    1.421935e+00    1.235e-06    1.206e-01    2.852e-01
  262   54712    1.421925e+00    9.236e-08    1.205e-01    9.025e-02
  263   54920    1.421922e+00    2.991e-08    1.205e-01    5.371e-02
  264   55128    1.421919e+00    6.538e-08    1.206e-01    6.993e-02
  265   55336    1.421887e+00    2.386e-07    1.206e-01    1.279e-01
  266   55544    1.421678e+00    2.095e-06    1.208e-01    3.723e-01
  267   55752    1.420588e+00    3.253e-05    1.215e-01    1.579e+00
  268   55960    1.416084e+00    4.783e-04    1.238e-01    6.278e+00
  269   56168    1.406168e+00    2.288e-03    1.290e-01    1.416e+01
  270   56376    1.400669e+00    7.811e-04    1.326e-01    8.921e+00

                                            First-order      Norm of
 Iter F-count            f(x)  Feasibility   optimality         step
  271   56584    1.400221e+00    9.191e-06    1.328e-01    8.533e-01
  272   56792    1.400178e+00    9.404e-07    1.327e-01    2.278e-01
  273   57000    1.400175e+00    3.575e-07    1.327e-01    1.496e-01
  274   57208    1.400171e+00    8.533e-07    1.326e-01    1.845e-01
  275   57416    1.400152e+00    2.217e-06    1.326e-01    2.864e-01
  276   57624    1.400088e+00    4.856e-06    1.326e-01    4.229e-01
  277   57832    1.399790e+00    1.087e-05    1.325e-01    7.546e-01
  278   58040    1.398355e+00    7.381e-05    1.321e-01    2.359e+00
  279   58248    1.392857e+00    7.486e-04    1.306e-01    8.296e+00
  280   58456    1.382812e+00    2.028e-03    1.280e-01    1.569e+01
  281   58664    1.379252e+00    2.918e-04    1.272e-01    7.337e+00
  282   58872    1.379270e+00    1.023e-05    1.274e-01    7.659e-01
  283   59080    1.379306e+00    1.574e-06    1.276e-01    2.916e-01
  284   59288    1.379298e+00    3.209e-07    1.277e-01    1.350e-01
  285   59496    1.379277e+00    1.461e-07    1.278e-01    1.237e-01
  286   59704    1.379239e+00    2.799e-07    1.279e-01    1.463e-01
  287   59912    1.379117e+00    5.889e-07    1.279e-01    2.500e-01
  288   60120    1.378565e+00    4.346e-06    1.279e-01    7.448e-01
  289   60328    1.376059e+00    1.116e-04    1.278e-01    2.991e+00
  290   60536    1.367488e+00    1.458e-03    1.273e-01    1.019e+01
  291   60744    1.355248e+00    3.156e-03    1.266e-01    1.652e+01
  292   60952    1.352591e+00    2.713e-04    1.262e-01    5.450e+00
  293   61160    1.352397e+00    1.014e-05    1.258e-01    8.408e-01
  294   61368    1.352407e+00    1.494e-06    1.257e-01    3.158e-01
  295   61576    1.352420e+00    2.600e-07    1.257e-01    1.057e-01
  296   61784    1.352414e+00    1.654e-07    1.257e-01    7.975e-02
  297   61992    1.352380e+00    1.589e-07    1.258e-01    9.622e-02
  298   62200    1.352249e+00    6.753e-07    1.258e-01    1.598e-01
  299   62408    1.351690e+00    4.207e-06    1.259e-01    4.600e-01
  300   62616    1.349192e+00    5.991e-05    1.265e-01    1.980e+00

                                            First-order      Norm of
 Iter F-count            f(x)  Feasibility   optimality         step
  301   62824    1.339227e+00    8.429e-04    1.378e-01    8.176e+00
  302   63032    1.316995e+00    4.417e-03    1.650e-01    1.989e+01
  303   63240    1.308595e+00    1.410e-03    1.763e-01    1.084e+01
  304   63448    1.307399e+00    5.080e-05    1.782e-01    2.007e+00
  305   63656    1.307181e+00    2.286e-06    1.781e-01    7.712e-01
  306   63864    1.307259e+00    6.360e-07    1.777e-01    1.940e-01
  307   64072    1.307450e+00    9.124e-07    1.771e-01    1.414e-01
  308   64280    1.307747e+00    1.892e-06    1.764e-01    2.042e-01
  309   64488    1.308107e+00    1.871e-06    1.757e-01    2.755e-01
  310   64696    1.308372e+00    2.395e-06    1.752e-01    3.580e-01
  311   64904    1.308178e+00    5.946e-06    1.757e-01    8.666e-01
  312   65112    1.306033e+00    1.883e-04    1.803e-01    3.233e+00
  313   65320    1.298144e+00    2.274e-03    1.972e-01    1.039e+01
  314   65528    1.288245e+00    4.453e-03    2.195e-01    1.525e+01
  315   65736    1.287515e+00    1.406e-04    2.221e-01    3.599e+00
  316   65944    1.287655e+00    1.039e-05    2.220e-01    8.838e-01
  317   66152    1.287898e+00    1.708e-05    2.214e-01    6.259e-01
  318   66360    1.287968e+00    5.319e-07    2.212e-01    9.197e-02
  319   66568    1.288147e+00    9.223e-07    2.207e-01    1.234e-01
  320   66776    1.288460e+00    2.282e-06    2.199e-01    1.825e-01
  321   66984    1.288968e+00    6.158e-06    2.187e-01    3.041e-01
  322   67192    1.289764e+00    2.028e-05    2.167e-01    5.979e-01
  323   67400    1.290344e+00    3.688e-05    2.151e-01    1.151e+00
  324   67608    1.288988e+00    4.708e-05    2.178e-01    2.789e+00
  325   67816    1.282672e+00    9.069e-04    2.315e-01    7.435e+00
  326   68024    1.274276e+00    1.813e-03    1.068e-01    1.025e+01
  327   68232    1.273029e+00    7.207e-05    6.659e-02    2.637e+00
  328   68440    1.273116e+00    5.235e-07    6.658e-02    2.608e-01
  329   68648    1.273244e+00    3.119e-07    6.659e-02    1.400e-01
  330   68856    1.273364e+00    1.099e-07    6.660e-02    7.470e-02

                                            First-order      Norm of
 Iter F-count            f(x)  Feasibility   optimality         step
  331   69064    1.273525e+00    3.171e-07    6.662e-02    8.621e-02
  332   69272    1.273802e+00    1.029e-06    6.666e-02    1.407e-01
  333   69480    1.274362e+00    5.121e-06    6.673e-02    2.809e-01
  334   69688    1.275385e+00    2.138e-05    6.685e-02    6.078e-01
  335   69896    1.276580e+00    3.478e-05    6.697e-02    1.411e+00
  336   70104    1.276389e+00    1.505e-04    6.686e-02    3.120e+00
  337   70312    1.273948e+00    6.047e-04    4.604e-02    5.251e+00
  338   70520    1.272169e+00    1.533e-04    4.500e-02    3.376e+00
  339   70728    1.272140e+00    2.203e-06    4.502e-02    3.842e-01
  340   70936    1.272208e+00    5.534e-07    4.503e-02    1.847e-01
  341   71144    1.272281e+00    8.244e-08    4.504e-02    4.873e-02
  342   71352    1.272321e+00    2.952e-08    4.504e-02    1.936e-02
  343   71560    1.272415e+00    1.534e-07    4.505e-02    4.350e-02
  344   71768    1.272626e+00    8.389e-07    4.508e-02    9.936e-02
  345   71976    1.273032e+00    3.612e-06    4.514e-02    1.952e-01
  346   72184    1.273866e+00    1.803e-05    4.526e-02    4.322e-01
  347   72392    1.275441e+00    8.015e-05    4.547e-02    1.024e+00
  348   72600    1.277199e+00    1.494e-04    4.367e-02    2.291e+00
  349   72808    1.276135e+00    2.939e-04    3.213e-02    3.494e+00
  350   73016    1.273830e+00    3.271e-04    2.554e-02    3.237e+00
  351   73224    1.273484e+00    4.151e-06    2.383e-02    2.641e-01
  352   73432    1.273443e+00    7.103e-08    2.316e-02    4.967e-02
  353   73640    1.273431e+00    1.300e-08    2.316e-02    1.851e-02
  354   73848    1.273425e+00    7.051e-09    2.315e-02    1.368e-02
  355   74056    1.273423e+00    4.278e-09    2.315e-02    1.486e-02
  356   74264    1.273424e+00    4.855e-09    2.315e-02    2.975e-02
  357   74472    1.273436e+00    5.670e-08    2.316e-02    1.072e-01
  358   74680    1.273474e+00    1.595e-06    2.316e-02    4.579e-01
  359   74888    1.273578e+00    2.086e-05    2.314e-02    1.542e+00
  360   75096    1.273718e+00    4.881e-05    2.311e-02    2.310e+00

                                            First-order      Norm of
 Iter F-count            f(x)  Feasibility   optimality         step
  361   75304    1.273771e+00    6.009e-06    2.309e-02    8.109e-01
  362   75512    1.273769e+00    5.525e-09    2.309e-02    2.197e-02
  363   75720    1.273762e+00    3.993e-09    2.309e-02    1.600e-02
  364   75928    1.273751e+00    4.309e-09    2.308e-02    9.065e-03
  365   76136    1.273728e+00    1.900e-08    2.307e-02    1.307e-02
  366   76344    1.273677e+00    1.377e-07    2.305e-02    3.550e-02
  367   76552    1.273557e+00    8.112e-07    2.299e-02    1.006e-01
  368   76760    1.273311e+00    3.389e-06    2.285e-02    3.238e-01
  369   76968    1.272991e+00    1.230e-05    2.262e-02    9.771e-01
  370   77176    1.273046e+00    5.763e-06    2.194e-02    1.503e+00
  371   77384    1.273480e+00    1.113e-05    2.000e-02    8.126e-01
  372   77592    1.223976e+00    1.697e-02    8.912e-02    2.410e+01
  373   77800    1.191860e+00    2.001e-02    1.626e-01    3.095e+01
  374   78008    1.183114e+00    1.643e-03    1.911e-01    1.280e+01
  375   78216    1.178788e+00    4.803e-04    1.414e-01    8.330e+00
  376   78424    1.178112e+00    1.343e-04    1.152e-01    4.043e+00
  377   78632    1.178303e+00    3.500e-05    8.844e-02    2.517e+00
  378   78840    1.178434e+00    1.316e-05    7.651e-02    1.026e+00
  379   79048    1.178431e+00    1.194e-06    7.338e-02    4.230e-01
  380   79256    1.178419e+00    2.046e-07    7.328e-02    2.819e-01
  381   79464    1.178418e+00    1.875e-07    7.328e-02    1.935e-01
  382   79672    1.178415e+00    1.345e-07    7.327e-02    1.710e-01
  383   79880    1.178401e+00    2.482e-07    7.325e-02    2.560e-01
  384   80088    1.178358e+00    6.162e-07    7.323e-02    4.486e-01
  385   80296    1.178221e+00    3.608e-06    7.320e-02    8.842e-01
  386   80504    1.177743e+00    3.102e-05    7.315e-02    2.112e+00
  387   80712    1.176188e+00    2.039e-04    7.311e-02    5.760e+00
  388   80920    1.172985e+00    4.860e-04    7.310e-02    1.236e+01
  389   81128    1.170778e+00    4.127e-04    5.292e-02    1.265e+01
  390   81336    1.170484e+00    2.066e-04    5.096e-02    6.966e+00

                                            First-order      Norm of
 Iter F-count            f(x)  Feasibility   optimality         step
  391   81544    1.170687e+00    1.424e-04    5.088e-02    3.883e+00
  392   81752    1.170705e+00    4.050e-06    5.079e-02    1.185e+00
  393   81960    1.170661e+00    4.409e-06    5.073e-02    7.679e-01
  394   82168    1.170646e+00    3.533e-07    5.072e-02    1.408e-01
  395   82376    1.170641e+00    1.848e-07    5.073e-02    1.240e-01
  396   82584    1.170645e+00    1.143e-08    5.073e-02    4.169e-02
  397   82792    1.170656e+00    2.762e-08    5.074e-02    4.860e-02
  398   83000    1.170679e+00    1.191e-07    5.075e-02    8.146e-02
  399   83208    1.170712e+00    2.608e-07    5.078e-02    1.050e-01
  400   83416    1.170760e+00    1.006e-06    5.082e-02    1.677e-01
  401   83624    1.170807e+00    2.966e-06    5.087e-02    2.885e-01
  402   83832    1.170840e+00    8.456e-06    5.094e-02    4.453e-01
  403   84040    1.170871e+00    2.378e-05    5.105e-02    6.936e-01
  404   84248    1.170928e+00    8.178e-05    5.125e-02    1.281e+00
  405   84456    1.171011e+00    1.967e-04    5.156e-02    2.585e+00
  406   84664    1.170938e+00    1.498e-04    5.173e-02    4.164e+00
  407   84872    1.170401e+00    9.514e-05    5.142e-02    4.003e+00
  408   85080    1.169915e+00    1.127e-04    5.102e-02    2.839e+00
  409   85288    1.169903e+00    2.224e-06    5.098e-02    3.737e-01
  410   85496    1.169890e+00    8.564e-07    4.947e-02    3.185e-01
  411   85704    1.169889e+00    5.221e-08    4.903e-02    1.138e-01
  412   85912    1.169895e+00    2.377e-08    4.893e-02    5.216e-02
  413   86120    1.169900e+00    1.685e-08    4.886e-02    1.954e-02
  414   86328    1.169912e+00    9.705e-08    4.871e-02    4.105e-02
  415   86536    1.169925e+00    1.834e-07    4.866e-02    5.626e-02
  416   86744    1.169946e+00    6.363e-07    4.869e-02    9.610e-02
  417   86952    1.169987e+00    1.733e-06    4.873e-02    1.535e-01
  418   87160    1.170065e+00    4.460e-06    4.880e-02    2.552e-01
  419   87368    1.170196e+00    1.278e-05    4.893e-02    4.742e-01
  420   87576    1.170364e+00    3.866e-05    4.814e-02    9.585e-01

                                            First-order      Norm of
 Iter F-count            f(x)  Feasibility   optimality         step
  421   87784    1.170457e+00    9.979e-05    4.579e-02    1.996e+00
  422   87992    1.170153e+00    1.319e-04    4.203e-02    3.898e+00
  423   88200    1.169094e+00    2.506e-04    3.982e-02    4.872e+00
  424   88408    1.167994e+00    3.873e-04    3.913e-02    4.015e+00
  425   88616    1.167869e+00    2.553e-05    3.932e-02    7.651e-01
  426   88824    1.167881e+00    1.666e-07    3.933e-02    1.246e-01
  427   89032    1.167887e+00    6.214e-08    3.933e-02    1.359e-01
  428   89240    1.167886e+00    1.755e-08    3.933e-02    6.836e-02
  429   89448    1.167882e+00    3.043e-08    3.933e-02    6.065e-02
  430   89656    1.167880e+00    4.349e-08    3.933e-02    4.574e-02
  431   89864    1.167879e+00    1.167e-07    3.933e-02    5.390e-02
  432   90072    1.167874e+00    5.853e-07    3.933e-02    1.248e-01
  433   90280    1.167835e+00    4.284e-06    3.930e-02    3.971e-01
  434   90488    1.167612e+00    3.770e-05    3.926e-02    1.525e+00
  435   90696    1.166661e+00    2.817e-04    3.922e-02    5.583e+00
  436   90904    1.164657e+00    6.527e-04    3.941e-02    1.177e+01
  437   91112    1.163680e+00    2.275e-04    3.972e-02    7.430e+00
  438   91320    1.163670e+00    2.904e-05    3.990e-02    1.737e+00
  439   91528    1.163733e+00    1.210e-05    3.994e-02    6.678e-01
  440   91736    1.163734e+00    1.002e-07    3.993e-02    1.258e-01
  441   91944    1.163734e+00    2.197e-08    3.992e-02    8.426e-02
  442   92152    1.163733e+00    3.016e-08    3.991e-02    3.418e-02
  443   92360    1.163734e+00    1.768e-07    3.990e-02    5.603e-02
  444   92568    1.163749e+00    1.107e-06    3.988e-02    1.369e-01
  445   92776    1.163774e+00    9.918e-07    3.985e-02    1.303e-01
  446   92984    1.163829e+00    3.748e-06    3.978e-02    2.350e-01
  447   93192    1.163932e+00    1.195e-05    3.964e-02    3.926e-01
  448   93400    1.164101e+00    3.112e-05    3.939e-02    6.554e-01
  449   93608    1.164336e+00    6.730e-05    3.901e-02    1.094e+00
  450   93816    1.164520e+00    2.583e-04    3.850e-02    2.079e+00

                                            First-order      Norm of
 Iter F-count            f(x)  Feasibility   optimality         step
  451   94024    1.164158e+00    1.021e-03    3.815e-02    4.454e+00
  452   94232    1.162518e+00    1.929e-03    3.827e-02    8.103e+00
  453   94440    1.159927e+00    4.870e-04    2.683e-02    9.390e+00
  454   94648    1.158301e+00    1.430e-03    2.572e-02    5.176e+00
  455   94856    1.158197e+00    2.331e-04    2.534e-02    2.216e+00
  456   95064    1.158333e+00    4.102e-05    2.525e-02    1.584e+00
  457   95272    1.158451e+00    1.020e-05    2.527e-02    6.459e-01
  458   95480    1.158481e+00    1.062e-06    2.529e-02    1.988e-01
  459   95688    1.158481e+00    1.568e-07    2.529e-02    8.534e-02
  460   95896    1.158476e+00    8.701e-08    2.528e-02    7.079e-02
  461   96104    1.158467e+00    1.164e-07    2.527e-02    8.955e-02
  462   96312    1.158447e+00    7.705e-07    2.526e-02    1.511e-01
  463   96520    1.158402e+00    3.279e-06    2.522e-02    2.992e-01
  464   96728    1.158282e+00    1.099e-05    2.306e-02    6.304e-01
  465   96936    1.157921e+00    1.995e-05    1.454e-02    1.460e+00
  466   97144    1.157000e+00    7.266e-05    1.404e-02    3.794e+00
  467   97352    1.155988e+00    2.149e-04    1.064e-02    5.873e+00
  468   97560    1.155910e+00    1.933e-04    7.140e-03    3.228e+00
  469   97768    1.156080e+00    1.488e-05    6.517e-03    6.282e-01
  470   97976    1.156123e+00    1.715e-07    6.446e-03    1.157e-01
  471   98184    1.156132e+00    8.073e-09    6.445e-03    3.899e-02
  472   98392    1.156132e+00    2.901e-09    6.421e-03    1.666e-02
  473   98600    1.156131e+00    5.808e-10    6.406e-03    4.545e-03
  474   98808    1.156128e+00    2.133e-09    6.399e-03    8.578e-03
  475   99016    1.156121e+00    9.720e-09    6.401e-03    1.598e-02
  476   99224    1.156109e+00    6.203e-08    6.404e-03    3.143e-02
  477   99432    1.156087e+00    4.714e-07    6.412e-03    7.463e-02
  478   99640    1.156068e+00    9.843e-07    6.129e-03    1.153e-01
  479   99848    1.156050e+00    1.883e-06    5.497e-03    2.059e-01
  480   100056    1.156033e+00    4.705e-06    4.537e-03    3.793e-01

Feasible point with lower objective function value found.


Solver stopped prematurely.

fmincon stopped because it exceeded the function evaluation limit,
options.MaxFunctionEvaluations = 1.000000e+05.

~~~~~~~~~~~~~~~~~~~~~~~~~~~~~~~~~~~~~~~~~~~~~~~~~~~~~~~~~~
Running OptimTraj, iteration 2
  -> Transcription via Hermite-Simpson method, nSegment = 20

                                            First-order      Norm of
 Iter F-count            f(x)  Feasibility   optimality         step
    0     208    1.156033e+00    4.705e-06    6.937e-04
    1     416    1.156031e+00    1.891e-10    6.937e-04    1.352e-03
    2     624    1.156018e+00    3.418e-09    6.937e-04    6.795e-03
    3     832    1.155936e+00    1.517e-07    6.937e-04    4.525e-02
    4    1040    1.155522e+00    3.793e-06    8.481e-04    2.262e-01
    5    1248    1.153467e+00    9.448e-05    7.363e-04    1.128e+00
    6    1456    1.143831e+00    2.167e-03    1.366e-02    5.371e+00
    7    1664    1.138090e+00    9.717e-04    2.512e-02    3.619e+00
    8    1872    1.134986e+00    8.986e-04    3.154e-02    1.977e+00
    9    2082    1.134983e+00    8.933e-04    3.155e-02    2.659e-03
   10    2290    1.135049e+00    1.054e-07    2.340e-03    4.438e-02
   11    2498    1.135035e+00    5.310e-09    1.869e-03    1.100e-02
   12    2706    1.134939e+00    2.570e-07    1.864e-03    6.902e-02
   13    2914    1.134461e+00    6.430e-06    1.859e-03    3.451e-01
   14    3122    1.132087e+00    1.603e-04    1.838e-03    1.719e+00
   15    3330    1.131197e+00    1.707e-04    1.840e-03    6.587e-01
   16    3540    1.131220e+00    1.280e-04    1.840e-03    1.255e-02
   17    3749    1.131202e+00    9.300e-05    1.840e-03    1.773e-02
   18    3957    1.130997e+00    2.338e-06    1.840e-03    1.802e-01
   19    4165    1.129914e+00    5.798e-05    2.718e-03    8.913e-01
   20    4373    1.124913e+00    1.282e-03    2.376e-03    4.106e+00
   21    4582    1.124902e+00    1.276e-03    2.376e-03    1.031e-02
   22    4790    1.124994e+00    7.606e-08    2.376e-03    4.231e-02
   23    4998    1.124987e+00    2.262e-08    2.376e-03    2.697e-02
   24    5206    1.124898e+00    4.439e-07    2.376e-03    8.137e-02
   25    5414    1.124456e+00    1.099e-05    2.377e-03    4.061e-01
   26    5622    1.122510e+00    2.168e-04    2.421e-03    1.796e+00
   27    5831    1.122531e+00    1.167e-04    1.224e-03    2.188e-02
   28    6039    1.122490e+00    2.977e-05    1.224e-03    5.476e-02
   29    6247    1.122385e+00    6.103e-07    1.224e-03    1.401e-01
   30    6455    1.121780e+00    1.945e-05    1.225e-03    6.376e-01

                                            First-order      Norm of
 Iter F-count            f(x)  Feasibility   optimality         step
   31    6663    1.121349e+00    2.640e-05    1.470e-03    4.463e-01
   32    6871    1.121294e+00    1.899e-05    1.567e-03    9.586e-02
   33    7079    1.121296e+00    1.642e-08    1.563e-03    4.594e-02
   34    7287    1.121272e+00    1.051e-07    1.616e-03    7.710e-02
   35    7495    1.121178e+00    8.077e-07    1.796e-03    1.625e-01
   36    7703    1.120710e+00    2.002e-05    2.105e-03    8.153e-01
   37    7911    1.118970e+00    2.739e-04    2.098e-03    2.935e+00
   38    8122    1.118985e+00    2.397e-04    1.881e-03    7.937e-02
   39    8330    1.118880e+00    1.873e-04    1.232e-03    3.365e-01
   40    8538    1.118533e+00    1.389e-04    1.083e-03    1.676e+00
   41    8747    1.118573e+00    6.940e-05    1.083e-03    1.351e-01
   42    8956    1.118558e+00    3.902e-05    1.083e-03    7.185e-02
   43    9164    1.118493e+00    2.635e-07    1.083e-03    8.293e-02
   44    9372    1.118162e+00    5.241e-06    1.084e-03    4.147e-01
   45    9580    1.116510e+00    1.297e-04    1.516e-03    2.057e+00
   46    9788    1.114883e+00    2.322e-04    2.706e-03    2.056e+00
   47    9996    1.114846e+00    1.811e-04    1.377e-03    5.992e-02
   48   10204    1.114873e+00    8.724e-07    1.377e-03    2.877e-01
   49   10412    1.114866e+00    3.583e-08    1.377e-03    6.820e-02
   50   10620    1.114841e+00    9.193e-07    1.377e-03    3.346e-01
   51   10828    1.114739e+00    6.553e-06    1.377e-03    9.814e-01
   52   11036    1.114181e+00    2.177e-04    1.378e-03    5.601e+00
   53   11244    1.112185e+00    2.630e-03    1.815e-03    1.995e+01
   54   11452    1.112069e+00    2.500e-03    1.960e-03    1.194e+00
   55   11660    1.111936e+00    1.995e-05    1.455e-03    8.400e-01
   56   11868    1.111450e+00    1.913e-05    2.217e-03    6.390e-01
   57   12076    1.111406e+00    1.516e-05    2.081e-03    2.474e-01
   58   12284    1.109182e+00    5.468e-03    6.878e-03    1.787e+01
   59   12492    1.108671e+00    5.465e-03    2.441e-03    6.093e+00
   60   12700    1.109258e+00    2.279e-04    2.204e-03    3.603e+00

                                            First-order      Norm of
 Iter F-count            f(x)  Feasibility   optimality         step
   61   12908    1.108984e+00    1.416e-04    2.811e-03    3.476e+00
   62   13116    1.108965e+00    4.929e-07    2.233e-03    2.176e-01
   63   13324    1.108907e+00    2.002e-06    2.232e-03    7.109e-01
   64   13532    1.108664e+00    2.507e-05    2.230e-03    2.624e+00
   65   13740    1.108501e+00    3.092e-05    2.229e-03    1.725e+00
   66   13948    1.108414e+00    3.489e-06    2.230e-03    7.598e-01
   67   14156    1.107603e+00    4.818e-05    2.232e-03    1.759e+00
   68   14364    1.105603e+00    3.734e-04    3.147e-03    4.600e+00
   69   14572    1.105481e+00    2.854e-04    2.244e-03    1.542e-01
   70   14780    1.105073e+00    1.483e-04    1.353e-03    1.567e+00
   71   14989    1.105086e+00    1.043e-04    1.364e-03    3.442e-02
   72   15197    1.105042e+00    3.358e-05    1.051e-03    4.309e-01
   73   15405    1.104931e+00    4.399e-05    1.670e-03    2.645e+00
   74   15613    1.104963e+00    1.599e-06    1.068e-03    5.638e-01
   75   15821    1.104863e+00    9.702e-07    1.068e-03    3.236e-01
   76   16029    1.104574e+00    4.396e-06    1.004e-03    4.627e-01
   77   16237    1.104473e+00    4.275e-06    1.003e-03    1.835e-01
   78   16445    1.104474e+00    5.118e-08    1.003e-03    9.328e-02
   79   16653    1.104480e+00    2.283e-08    1.003e-03    3.897e-02
   80   16861    1.104463e+00    9.039e-09    1.003e-03    4.309e-02
   81   17069    1.104369e+00    2.705e-07    1.003e-03    1.763e-01
   82   17277    1.103897e+00    6.909e-06    1.003e-03    8.636e-01
   83   17485    1.101568e+00    1.705e-04    1.042e-03    4.263e+00
   84   17693    1.101282e+00    1.673e-04    1.042e-03    5.346e-01
   85   17901    1.101261e+00    7.777e-05    1.042e-03    1.489e-01
   86   18109    1.101285e+00    5.380e-07    1.042e-03    1.345e-01
   87   18317    1.101260e+00    4.521e-07    1.042e-03    1.818e-01
   88   18525    1.101142e+00    3.077e-06    1.042e-03    6.458e-01
   89   18733    1.100561e+00    6.718e-05    1.571e-03    3.171e+00
   90   18941    1.100097e+00    8.864e-05    1.623e-03    2.460e+00

                                            First-order      Norm of
 Iter F-count            f(x)  Feasibility   optimality         step
   91   19149    1.099965e+00    6.721e-05    1.571e-03    1.641e+00
   92   19357    1.098694e+00    4.098e-04    2.204e-03    3.142e+00
   93   19569    1.098677e+00    4.933e-06    1.395e-04    3.368e-01
   94   19777    1.098709e+00    2.540e-07    1.660e-04    2.224e-01
   95   19985    1.098644e+00    7.842e-06    6.242e-04    4.934e-01
   96   20193    1.098555e+00    3.289e-07    5.689e-04    2.025e-01
   97   20402    1.098539e+00    2.600e-07    5.760e-04    5.335e-02
   98   20610    1.098528e+00    3.848e-08    5.744e-04    6.217e-02
   99   20818    1.098493e+00    1.692e-06    5.427e-04    4.727e-01
  100   21026    1.098469e+00    2.184e-07    5.439e-04    1.426e-01
  101   21235    1.098445e+00    5.178e-07    5.429e-04    2.079e-01
  102   21444    1.098428e+00    5.294e-07    5.533e-04    1.649e-01
  103   21652    1.098424e+00    6.282e-08    5.567e-04    5.724e-02
  104   21860    1.098400e+00    9.536e-08    5.659e-04    1.429e-01
  105   22068    1.098273e+00    2.404e-06    5.126e-04    6.813e-01
  106   22277    1.098255e+00    2.008e-06    5.126e-04    6.665e-02
  107   22485    1.098226e+00    5.519e-07    5.127e-04    1.795e-01
  108   22693    1.097959e+00    5.145e-05    7.444e-04    2.375e+00
  109   22902    1.097929e+00    4.215e-05    7.257e-04    1.723e-01
  110   23111    1.097914e+00    2.214e-05    5.573e-04    1.088e-01
  111   23319    1.097927e+00    7.905e-09    3.760e-04    4.957e-02
  112   23527    1.097921e+00    1.592e-09    3.712e-04    2.034e-02
  113   23735    1.097902e+00    3.700e-08    3.688e-04    6.559e-02
  114   23943    1.097809e+00    9.268e-07    3.634e-04    3.283e-01
  115   24151    1.097355e+00    2.213e-05    3.477e-04    1.603e+00
  116   24359    1.097246e+00    2.138e-05    3.477e-04    3.770e-01
  117   24567    1.097070e+00    2.464e-06    4.179e-04    6.613e-01
  118   24775    1.096776e+00    1.044e-05    7.521e-04    1.245e+00
  119   24983    1.096751e+00    1.484e-06    7.762e-04    4.283e-01
  120   25191    1.096660e+00    2.484e-05    1.179e-03    1.579e+00

                                            First-order      Norm of
 Iter F-count            f(x)  Feasibility   optimality         step
  121   25399    1.096694e+00    5.956e-07    3.885e-04    3.630e-01
  122   25607    1.096683e+00    3.290e-07    3.843e-04    1.675e-01
  123   25815    1.096663e+00    1.762e-08    3.843e-04    6.900e-02
  124   26023    1.096562e+00    8.751e-07    3.843e-04    3.131e-01
  125   26231    1.096247e+00    8.889e-06    3.982e-04    9.475e-01
  126   26439    1.096137e+00    7.241e-06    3.982e-04    3.288e-01
  127   26647    1.096025e+00    6.490e-06    3.983e-04    4.093e-01
  128   26855    1.096058e+00    9.890e-07    3.983e-04    1.748e-01
  129   27063    1.096066e+00    5.655e-08    3.982e-04    4.270e-02
  130   27271    1.096062e+00    5.493e-09    3.982e-04    1.885e-02
  131   27479    1.096037e+00    6.366e-08    3.983e-04    8.106e-02
  132   27687    1.095910e+00    1.593e-06    4.603e-04    4.042e-01
  133   27895    1.095296e+00    3.878e-05    5.761e-04    1.986e+00
  134   28103    1.094760e+00    6.981e-05    5.332e-04    1.896e+00
  135   28311    1.094081e+00    1.367e-04    1.273e-03    2.543e+00
  136   28519    1.094159e+00    1.473e-07    5.540e-04    1.488e-01
  137   28727    1.094138e+00    5.414e-07    4.487e-04    1.933e-01
  138   28935    1.094138e+00    5.719e-08    4.487e-04    6.270e-02
  139   29143    1.094127e+00    3.054e-08    4.487e-04    4.516e-02
  140   29351    1.094068e+00    3.771e-07    4.487e-04    1.840e-01
  141   29559    1.093784e+00    8.269e-06    4.487e-04    8.850e-01
  142   29767    1.093606e+00    8.937e-06    5.330e-04    5.499e-01
  143   29975    1.091414e+00    2.196e-03    2.452e-03    1.065e+01
  144   30187    1.091717e+00    3.708e-06    1.091e-04    1.462e-01
  145   30395    1.091766e+00    2.006e-07    1.091e-04    1.039e-01
  146   30603    1.091754e+00    2.023e-07    1.091e-04    1.016e-01
  147   30811    1.091751e+00    2.590e-09    1.091e-04    1.224e-02
  148   31019    1.091744e+00    1.675e-08    1.155e-04    3.244e-02
  149   31227    1.091715e+00    2.621e-07    1.456e-04    1.321e-01
  150   31435    1.091666e+00    5.902e-07    1.866e-04    2.178e-01

                                            First-order      Norm of
 Iter F-count            f(x)  Feasibility   optimality         step
  151   31643    1.091520e+00    1.668e-05    4.600e-04    1.339e+00
  152   31851    1.091404e+00    1.531e-05    2.876e-04    9.988e-01
  153   32059    1.091445e+00    9.910e-07    2.623e-04    2.181e-01
  154   32267    1.091356e+00    2.179e-05    3.852e-04    1.539e+00
  155   32475    1.091364e+00    2.882e-06    4.098e-04    5.393e-01
  156   32683    1.091346e+00    1.306e-06    4.099e-04    3.761e-01
  157   32891    1.091334e+00    1.090e-07    4.099e-04    7.346e-02
  158   33099    1.091281e+00    1.760e-06    4.099e-04    3.030e-01
  159   33308    1.091263e+00    1.580e-06    3.759e-04    1.007e-01
  160   33516    1.091242e+00    2.669e-07    2.354e-04    1.150e-01
  161   33724    1.091257e+00    1.025e-07    2.354e-04    7.204e-02
  162   33932    1.091256e+00    5.084e-10    2.354e-04    5.715e-03
  163   34140    1.091254e+00    1.107e-09    2.354e-04    1.087e-02
  164   34348    1.091245e+00    2.698e-08    2.354e-04    5.481e-02
  165   34556    1.091200e+00    6.705e-07    2.354e-04    2.734e-01
  166   34764    1.090979e+00    1.631e-05    2.289e-04    1.349e+00
  167   34972    1.090697e+00    3.891e-05    7.178e-04    1.757e+00
  168   35181    1.090717e+00    2.055e-05    6.674e-04    1.362e-01
  169   35390    1.090707e+00    1.195e-05    3.881e-04    1.578e-01
  170   35598    1.090711e+00    1.010e-06    1.462e-04    1.946e-01
  171   35806    1.090717e+00    1.298e-07    1.462e-04    6.837e-02
  172   36014    1.090716e+00    3.196e-08    1.635e-04    3.423e-02
  173   36222    1.090709e+00    1.259e-07    1.955e-04    7.318e-02
  174   36430    1.090669e+00    2.788e-06    3.377e-04    3.493e-01
  175   36638    1.090480e+00    6.633e-05    3.954e-04    1.704e+00
  176   36846    1.089759e+00    1.281e-03    6.800e-04    7.488e+00
  177   37054    1.089493e+00    1.656e-03    1.837e-03    8.688e+00
  178   37262    1.089679e+00    1.049e-05    5.261e-04    8.222e-01
  179   37470    1.089680e+00    3.137e-07    1.119e-04    1.281e-01
  180   37678    1.089679e+00    4.791e-07    1.118e-04    1.529e-01

                                            First-order      Norm of
 Iter F-count            f(x)  Feasibility   optimality         step
  181   37886    1.089679e+00    5.852e-07    1.201e-04    1.680e-01
  182   38094    1.089677e+00    1.429e-06    2.649e-04    2.664e-01
  183   38302    1.089674e+00    3.880e-06    5.020e-04    4.493e-01
  184   38510    1.089666e+00    1.029e-05    8.833e-04    7.567e-01
  185   38718    1.089647e+00    2.726e-05    1.492e-03    1.299e+00
  186   38926    1.089598e+00    7.066e-05    2.438e-03    2.281e+00
  187   39134    1.089469e+00    1.688e-04    3.808e-03    4.070e+00
  188   39342    1.089286e+00    1.475e-04    4.564e-03    3.683e+00
  189   39550    1.088934e+00    2.421e-04    3.136e-03    2.389e+00
  190   39758    1.087936e+00    8.611e-04    3.626e-03    4.034e+00
  191   39966    1.088042e+00    2.555e-04    2.985e-03    5.535e-01
  192   40174    1.087950e+00    2.778e-04    7.523e-04    2.584e+00
  193   40382    1.087984e+00    5.412e-05    9.712e-05    1.298e+00
  194   40590    1.087990e+00    1.495e-06    6.754e-05    2.262e-01
  195   40798    1.087990e+00    9.036e-11    6.754e-05    1.335e-03
  196   41006    1.087990e+00    3.175e-12    6.754e-05    9.559e-04
  197   41214    1.087990e+00    9.517e-11    6.754e-05    4.657e-03
  198   41422    1.087987e+00    2.238e-09    6.752e-05    2.332e-02
  199   41630    1.087975e+00    5.676e-08    6.739e-05    1.160e-01
  200   41838    1.087914e+00    1.510e-06    6.661e-05    5.629e-01
  201   42046    1.087783e+00    1.444e-05    4.576e-04    1.166e+00
  202   42254    1.087712e+00    3.698e-04    5.387e-04    3.279e+00
  203   42462    1.087734e+00    1.189e-05    8.850e-05    5.360e-01
  204   42670    1.087736e+00    1.030e-08    7.571e-05    2.032e-02
  205   42878    1.087736e+00    7.479e-08    7.571e-05    4.237e-02
  206   43086    1.087736e+00    1.084e-06    1.543e-04    1.596e-01
  207   43294    1.087736e+00    9.011e-07    2.700e-04    1.457e-01
  208   43502    1.087734e+00    4.101e-06    5.166e-04    3.087e-01
  209   43710    1.087730e+00    9.594e-06    8.879e-04    4.641e-01
  210   43918    1.087716e+00    2.934e-05    1.522e-03    8.105e-01

                                            First-order      Norm of
 Iter F-count            f(x)  Feasibility   optimality         step
  211   44126    1.087678e+00    8.339e-05    2.550e-03    1.437e+00
  212   44334    1.087579e+00    2.457e-04    4.180e-03    2.867e+00
  213   44542    1.087332e+00    6.702e-04    6.638e-03    6.189e+00
  214   44750    1.086782e+00    1.416e-03    9.711e-03    1.314e+01
  215   44958    1.086543e+00    1.068e-03    8.423e-03    5.713e+00
  216   45166    1.086591e+00    2.720e-04    4.437e-03    3.410e+00
  217   45374    1.086505e+00    2.988e-04    7.836e-04    2.456e+00
  218   45582    1.086553e+00    3.481e-06    2.436e-04    3.464e-01
  219   45790    1.086553e+00    5.774e-08    2.392e-04    3.862e-02
  220   45998    1.086553e+00    4.233e-07    2.392e-04    1.131e-01
  221   46206    1.086550e+00    4.025e-06    3.074e-04    3.383e-01
  222   46414    1.086536e+00    4.110e-05    1.013e-03    1.029e+00
  223   46622    1.086517e+00    3.354e-05    1.630e-03    8.642e-01
  224   46830    1.086442e+00    1.174e-04    2.721e-03    1.689e+00
  225   47038    1.086284e+00    2.234e-04    4.256e-03    3.141e+00
  226   47246    1.086196e+00    1.855e-04    4.562e-03    1.913e+00
  227   47454    1.086154e+00    1.681e-04    2.749e-03    1.976e+00
  228   47662    1.086030e+00    4.325e-04    4.312e-04    3.797e+00
  229   47870    1.086089e+00    8.600e-05    3.613e-04    1.793e+00
  230   48078    1.086083e+00    1.653e-05    2.121e-04    7.493e-01
  231   48286    1.086082e+00    2.268e-06    2.964e-05    2.582e-01
  232   48494    1.086083e+00    7.519e-09    2.964e-05    2.160e-02
  233   48702    1.086083e+00    2.659e-10    2.964e-05    1.031e-02
  234   48910    1.086083e+00    1.503e-09    2.964e-05    7.092e-03
  235   49118    1.086083e+00    2.997e-09    2.964e-05    8.702e-03
  236   49326    1.086082e+00    1.245e-08    2.964e-05    1.774e-02
  237   49534    1.086080e+00    1.519e-07    4.541e-05    6.707e-02
  238   49742    1.086066e+00    3.076e-06    5.607e-05    3.111e-01
  239   49950    1.086014e+00    5.966e-05    2.482e-05    1.357e+00
  240   50158    1.085966e+00    2.598e-04    3.707e-04    2.791e+00

                                            First-order      Norm of
 Iter F-count            f(x)  Feasibility   optimality         step
  241   50366    1.085998e+00    4.074e-06    2.076e-04    5.523e-01
  242   50574    1.085998e+00    1.143e-07    4.900e-05    4.632e-02
  243   50782    1.085998e+00    3.227e-08    1.000e-05    2.811e-02
  244   50990    1.085797e+00    9.152e-06    3.396e-04    8.155e-01
  245   51198    1.085794e+00    1.081e-06    5.454e-05    2.271e-01
  246   51406    1.085794e+00    6.358e-09    8.033e-06    1.631e-02
  247   51614    1.085794e+00    2.779e-11    7.920e-06    1.066e-03
  248   51822    1.085794e+00    1.607e-12    7.920e-06    2.209e-04
  249   52030    1.085794e+00    7.444e-12    7.920e-06    7.799e-04
  250   52238    1.085794e+00    8.726e-11    7.919e-06    3.793e-03
  251   52446    1.085793e+00    1.645e-09    7.976e-06    1.892e-02
  252   52654    1.085792e+00    4.130e-08    7.936e-06    9.448e-02
  253   52862    1.085783e+00    1.011e-06    7.774e-06    4.697e-01
  254   53070    1.085741e+00    2.389e-05    9.970e-06    2.281e+00
  255   53278    1.085591e+00    4.377e-04    1.975e-04    9.730e+00
  256   53486    1.085619e+00    8.716e-05    7.051e-04    4.354e+00
  257   53694    1.085630e+00    5.233e-07    4.558e-05    2.495e-01
  258   53902    1.085630e+00    9.058e-10    1.180e-05    6.000e-03
  259   54110    1.085630e+00    9.740e-09    1.178e-05    2.040e-02
  260   54318    1.085630e+00    9.767e-09    2.699e-05    1.996e-02
  261   54526    1.085630e+00    4.006e-08    5.769e-05    3.966e-02
  262   54734    1.085630e+00    9.070e-08    1.037e-04    5.887e-02
  263   54942    1.085630e+00    2.512e-07    1.797e-04    9.590e-02
  264   55150    1.085629e+00    6.372e-07    2.987e-04    1.470e-01
  265   55358    1.085629e+00    1.706e-06    4.890e-04    2.284e-01
  266   55566    1.085628e+00    4.378e-06    7.819e-04    3.435e-01
  267   55774    1.085624e+00    1.126e-05    1.221e-03    5.411e-01
  268   55982    1.085615e+00    2.723e-05    1.826e-03    1.018e+00
  269   56190    1.085593e+00    5.714e-05    2.501e-03    2.426e+00
  270   56398    1.085544e+00    7.583e-05    3.519e-03    5.947e+00

                                            First-order      Norm of
 Iter F-count            f(x)  Feasibility   optimality         step
  271   56606    1.085457e+00    2.604e-04    3.968e-03    1.199e+01
  272   56814    1.085372e+00    3.944e-04    5.150e-03    1.410e+01
  273   57022    1.085369e+00    1.502e-04    3.049e-03    5.909e+00
  274   57230    1.085355e+00    1.348e-04    5.007e-04    4.710e+00
  275   57438    1.085359e+00    7.263e-06    1.498e-04    2.025e+00
  276   57646    1.085360e+00    2.710e-07    2.274e-05    2.731e-01
  277   57854    1.085360e+00    5.043e-09    5.910e-06    1.280e-02
  278   58062    1.085360e+00    3.716e-10    5.540e-06    3.362e-03
  279   58270    1.085360e+00    2.950e-09    1.046e-05    1.028e-02
  280   58478    1.085360e+00    6.883e-09    2.352e-05    1.669e-02
  281   58686    1.085360e+00    2.014e-08    4.613e-05    2.940e-02
  282   58894    1.085360e+00    5.665e-08    8.416e-05    5.026e-02
  283   59102    1.085360e+00    1.617e-07    1.483e-04    8.757e-02
  284   59310    1.085360e+00    4.322e-07    2.519e-04    1.485e-01
  285   59518    1.085359e+00    1.172e-06    4.166e-04    2.618e-01
  286   59726    1.085358e+00    2.905e-06    6.563e-04    4.682e-01
  287   59934    1.085355e+00    6.362e-06    1.029e-03    8.908e-01
  288   60142    1.085345e+00    1.744e-05    1.738e-03    1.826e+00
  289   60350    1.085323e+00    6.654e-05    3.307e-03    3.786e+00
  290   60558    1.085283e+00    1.579e-04    5.379e-03    6.665e+00
  291   60766    1.085242e+00    1.279e-04    6.040e-03    7.577e+00
  292   60974    1.085232e+00    1.417e-04    3.628e-03    3.851e+00
  293   61182    1.085237e+00    1.715e-05    1.118e-03    1.244e+00
  294   61390    1.085238e+00    1.410e-06    1.668e-04    5.738e-01
  295   61598    1.085238e+00    1.607e-08    1.303e-05    8.106e-02
  296   61806    1.085238e+00    2.036e-10    3.676e-06    5.717e-03
  297   62014    1.085238e+00    8.683e-10    8.733e-06    1.188e-02
  298   62222    1.085238e+00    1.494e-09    1.904e-05    1.410e-02
  299   62430    1.085238e+00    6.029e-09    4.012e-05    2.915e-02
  300   62638    1.085238e+00    1.217e-08    6.971e-05    4.083e-02

                                            First-order      Norm of
 Iter F-count            f(x)  Feasibility   optimality         step
  301   62846    1.085238e+00    3.818e-08    1.217e-04    7.179e-02
  302   63054    1.085238e+00    8.686e-08    1.991e-04    1.071e-01
  303   63262    1.085238e+00    2.450e-07    3.263e-04    1.777e-01
  304   63470    1.085238e+00    6.079e-07    5.202e-04    2.768e-01
  305   63678    1.085237e+00    1.538e-06    8.104e-04    4.387e-01
  306   63886    1.085236e+00    3.752e-06    1.217e-03    7.220e-01
  307   64094    1.085232e+00    8.479e-06    1.961e-03    1.326e+00
  308   64302    1.085222e+00    1.633e-05    3.208e-03    2.887e+00
  309   64510    1.085198e+00    4.003e-05    5.442e-03    6.864e+00
  310   64718    1.085148e+00    1.611e-04    8.664e-03    1.518e+01
  311   64926    1.085099e+00    1.631e-04    9.380e-03    1.575e+01
  312   65134    1.085044e+00    3.318e-04    9.982e-03    1.498e+01
  313   65342    1.085037e+00    1.295e-04    4.743e-03    6.855e+00
  314   65550    1.085042e+00    1.546e-05    9.037e-04    1.600e+00
  315   65758    1.085044e+00    5.479e-07    1.513e-04    7.540e-01
  316   65966    1.085044e+00    1.926e-08    1.249e-05    1.176e-01
  317   66174    1.085044e+00    9.128e-10    9.287e-06    2.336e-02
  318   66382    1.085044e+00    1.066e-08    3.700e-05    7.687e-02
  319   66590    1.085044e+00    1.772e-08    8.414e-05    9.656e-02
  320   66798    1.085044e+00    5.412e-08    1.694e-04    1.643e-01
  321   67006    1.085044e+00    1.318e-07    3.018e-04    2.473e-01
  322   67214    1.085044e+00    3.409e-07    5.102e-04    3.757e-01
  323   67422    1.085044e+00    9.639e-07    8.296e-04    5.571e-01
  324   67630    1.085043e+00    2.659e-06    1.300e-03    7.987e-01
  325   67838    1.085040e+00    7.153e-06    1.948e-03    1.131e+00
  326   68046    1.085034e+00    1.832e-05    2.710e-03    1.758e+00
  327   68254    1.085016e+00    4.494e-05    4.460e-03    3.749e+00
  328   68462    1.084972e+00    1.239e-04    6.654e-03    9.354e+00
  329   68670    1.084945e+00    1.107e-04    6.803e-03    4.976e+00
  330   68878    1.084859e+00    3.389e-04    7.889e-03    6.967e+00

                                            First-order      Norm of
 Iter F-count            f(x)  Feasibility   optimality         step
  331   69086    1.084873e+00    5.527e-05    5.756e-03    4.680e+00
  332   69294    1.084867e+00    3.869e-05    1.867e-03    3.350e+00
  333   69502    1.084869e+00    1.729e-05    5.546e-04    1.344e+00
  334   69710    1.084870e+00    2.801e-07    6.948e-05    1.697e-01
  335   69918    1.084870e+00    1.990e-09    2.716e-06    1.389e-02
  336   70126    1.084870e+00    2.837e-11    2.670e-06    1.277e-03
  337   70334    1.084870e+00    1.879e-10    3.580e-06    3.083e-03
  338   70542    1.084870e+00    1.585e-09    1.067e-05    8.634e-03
  339   70750    1.084870e+00    2.130e-08    3.521e-05    2.882e-02
  340   70958    1.084870e+00    4.023e-08    6.789e-05    3.724e-02
  341   71166    1.084870e+00    8.919e-08    1.152e-04    5.277e-02
  342   71374    1.084870e+00    2.669e-07    1.954e-04    8.843e-02
  343   71582    1.084870e+00    7.253e-07    3.259e-04    1.489e-01
  344   71790    1.084869e+00    2.091e-06    5.352e-04    2.900e-01
  345   71998    1.084868e+00    5.681e-06    8.626e-04    6.291e-01
  346   72206    1.084864e+00    1.215e-05    1.324e-03    1.364e+00
  347   72414    1.084858e+00    6.740e-06    1.680e-03    2.206e+00
  348   72622    1.084854e+00    3.267e-05    2.190e-03    1.579e+00
  349   72830    1.084853e+00    9.174e-06    1.457e-03    6.522e-01
  350   73038    1.084853e+00    2.983e-06    5.730e-04    5.305e-01
  351   73246    1.084853e+00    1.458e-07    1.172e-04    2.438e-01
  352   73454    1.084853e+00    2.582e-08    1.280e-05    4.129e-02
  353   73662    1.084853e+00    4.200e-10    2.000e-06    4.176e-03
  354   73870    1.084806e+00    3.223e-06    3.219e-04    1.497e+00
  355   74078    1.084806e+00    1.006e-06    5.516e-05    2.678e-01
  356   74286    1.084806e+00    4.193e-09    2.006e-06    2.091e-02
  357   74494    1.084806e+00    2.311e-11    1.168e-06    1.771e-03
  358   74702    1.084806e+00    5.679e-11    1.824e-06    2.260e-03
  359   74910    1.084806e+00    2.186e-10    4.933e-06    4.508e-03
  360   75118    1.084806e+00    4.478e-10    9.758e-06    6.214e-03

                                            First-order      Norm of
 Iter F-count            f(x)  Feasibility   optimality         step
  361   75326    1.084806e+00    1.378e-09    1.804e-05    1.054e-02
  362   75534    1.084806e+00    3.917e-09    3.222e-05    1.773e-02
  363   75742    1.084806e+00    1.019e-08    5.528e-05    2.868e-02
  364   75950    1.084806e+00    2.703e-08    9.244e-05    4.557e-02
  365   76158    1.084806e+00    7.487e-08    1.541e-04    7.600e-02
  366   76366    1.084806e+00    1.900e-07    2.503e-04    1.229e-01
  367   76574    1.084805e+00    4.919e-07    4.017e-04    2.158e-01
  368   76782    1.084805e+00    1.109e-06    6.190e-04    4.026e-01
  369   76990    1.084804e+00    2.757e-06    9.303e-04    8.289e-01
  370   77198    1.084802e+00    6.779e-06    1.254e-03    1.626e+00
  371   77406    1.084800e+00    2.424e-06    1.661e-03    1.386e+00
  372   77614    1.084799e+00    1.671e-05    1.453e-03    1.328e+00
  373   77822    1.084799e+00    3.354e-06    4.991e-04    4.392e-01
  374   78030    1.084799e+00    3.684e-07    8.497e-05    1.406e-01
  375   78238    1.084799e+00    3.156e-09    9.809e-06    2.258e-02
  376   78446    1.084799e+00    4.110e-11    1.560e-06    2.432e-03
  377   78654    1.084799e+00    2.011e-11    1.561e-06    1.541e-03
  378   78862    1.084799e+00    1.138e-10    3.087e-06    3.800e-03
  379   79070    1.084799e+00    2.379e-10    6.310e-06    5.499e-03
  380   79278    1.084799e+00    7.948e-10    1.209e-05    9.360e-03
  381   79486    1.084799e+00    1.869e-09    2.095e-05    1.418e-02
  382   79694    1.084799e+00    5.760e-09    3.659e-05    2.542e-02
  383   79902    1.084799e+00    1.369e-08    6.029e-05    3.763e-02
  384   80110    1.084799e+00    4.312e-08    1.011e-04    6.544e-02
  385   80318    1.084799e+00    1.115e-07    1.638e-04    1.046e-01
  386   80526    1.084799e+00    3.304e-07    2.672e-04    1.969e-01
  387   80734    1.084799e+00    8.829e-07    4.227e-04    4.049e-01
  388   80942    1.084798e+00    1.913e-06    6.813e-04    8.587e-01
  389   81150    1.084797e+00    2.295e-06    9.349e-04    1.544e+00
  390   81358    1.084796e+00    3.350e-06    8.821e-04    1.660e+00

                                            First-order      Norm of
 Iter F-count            f(x)  Feasibility   optimality         step
  391   81566    1.084796e+00    2.338e-06    5.468e-04    7.585e-01
  392   81774    1.084796e+00    5.699e-07    2.065e-04    2.414e-01
  393   81982    1.084796e+00    3.737e-08    4.648e-05    1.472e-01
  394   82190    1.084796e+00    2.044e-09    6.010e-06    3.694e-02
  395   82398    1.084796e+00    8.456e-11    8.512e-07    3.668e-03

Feasible point with lower objective function value found.


Local minimum found that satisfies the constraints.

Optimization completed because the objective function is non-decreasing in 
feasible directions, to within the value of the optimality tolerance,
and constraints are satisfied to within the value of the constraint tolerance.

<stopping criteria details>
Elapsed time is 9.537529 seconds.
>> 