~~~~~~~~~~~~~~~~~~~~~~~~~~~~~~~~~~~~~~~~~~~~~~~~~~~~~~~~~~
Running OptimTraj, iteration 1
  -> Transcription via 4th-order Runge-Kutta method 
        nSegments = 20 
        nSubSteps = 2 
                                            First-order      Norm of
 Iter F-count            f(x)  Feasibility   optimality         step
    0     168    2.000000e+00    1.962e+00    3.989e-03
    1     336    1.947948e-01    9.124e-01    2.114e-01    3.646e+01
    2     504    2.140865e-01    8.831e-01    5.292e-01    8.081e+01
    3     672    2.150115e-01    8.828e-01    5.388e-01    1.676e+00
    4     840    2.759568e-01    8.441e-01    1.171e+00    1.070e+02
    5    1008    2.766467e-01    8.435e-01    1.183e+00    3.132e+00
    6    1176    2.903300e-01    8.345e-01    1.344e+00    3.491e+01
    7    1344    2.952340e-01    8.321e-01    1.394e+00    1.098e+01
    8    1512    2.985104e-01    8.304e-01    1.427e+00    7.454e+00
    9    1680    3.127821e-01    8.236e-01    1.567e+00    3.391e+01
   10    1848    3.161406e-01    8.214e-01    1.608e+00    1.196e+01
   11    2016    3.236832e-01    8.132e-01    1.751e+00    5.226e+01
   12    2184    3.312137e-01    8.090e-01    1.830e+00    2.939e+01
   13    2352    3.400040e-01    8.030e-01    1.925e+00    4.587e+01
   14    2520    3.460610e-01    7.998e-01    1.965e+00    2.209e+01
   15    2688    3.566593e-01    7.933e-01    2.016e+00    3.837e+01
   16    2856    3.656891e-01    7.877e-01    2.050e+00    3.226e+01
   17    3024    3.657324e-01    7.877e-01    2.050e+00    1.542e-01
   18    3192    3.683960e-01    7.868e-01    2.058e+00    7.913e+00
   19    3360    3.836263e-01    7.817e-01    2.103e+00    5.671e+01
   20    3528    3.837501e-01    7.817e-01    2.103e+00    3.090e-01
   21    3696    3.971891e-01    7.773e-01    2.137e+00    3.351e+01
   22    3864    4.057617e-01    7.745e-01    2.155e+00    2.320e+01
   23    4032    4.083878e-01    7.736e-01    2.162e+00    7.073e+00
   24    4200    4.090150e-01    7.734e-01    2.163e+00    1.300e+00
   25    4368    4.147228e-01    7.716e-01    2.175e+00    1.232e+01
   26    4536    4.250493e-01    7.682e-01    2.197e+00    2.182e+01
   27    4704    4.454295e-01    7.610e-01    2.247e+00    4.001e+01
   28    4872    4.590014e-01    7.559e-01    2.279e+00    2.461e+01
   29    5040    4.590755e-01    7.559e-01    2.279e+00    1.268e-01
   30    5208    4.969616e-01    6.591e-01    1.948e-04    1.695e+00

                                            First-order      Norm of
 Iter F-count            f(x)  Feasibility   optimality         step
   31    5376    5.204888e-01    6.010e-01    1.734e-04    2.660e+00
   32    5544    5.367587e-01    5.535e-01    1.290e-04    3.189e+00
   33    5712    5.425262e-01    3.404e-01    1.153e-04    4.698e+00
   34    5880    5.547057e-01    3.415e-01    1.179e-04    3.685e+00
   35    6048    5.520611e-01    3.159e-01    1.380e-04    7.183e+00
   36    6216    5.653206e-01    3.184e-01    1.285e-04    3.549e+00
   37    6384    5.653743e-01    3.184e-01    1.285e-04    4.708e-02
   38    6552    5.657961e-01    3.183e-01    1.053e-03    3.710e-01
   39    6720    5.662619e-01    3.182e-01    2.049e-03    4.217e-01
   40    6888    5.670799e-01    3.180e-01    3.693e-03    7.586e-01
   41    7056    5.699025e-01    3.173e-01    9.234e-03    2.666e+00
   42    7224    5.768479e-01    3.155e-01    2.284e-02    6.593e+00
   43    7392    5.796398e-01    3.148e-01    2.824e-02    2.650e+00
   44    7560    6.009765e-01    3.082e-01    6.936e-02    2.022e+01
   45    7728    6.044800e-01    3.073e-01    7.581e-02    3.301e+00
   46    7896    6.045460e-01    3.072e-01    7.595e-02    5.115e-02
   47    8064    6.074364e-01    3.064e-01    8.247e-02    2.368e+00
   48    8232    6.118092e-01    3.052e-01    9.222e-02    3.592e+00
   49    8400    6.132626e-01    3.047e-01    9.553e-02    1.202e+00
   50    8568    6.192052e-01    3.030e-01    1.091e-01    4.908e+00
   51    8736    6.228171e-01    3.019e-01    1.174e-01    2.964e+00
   52    8904    6.277637e-01    3.004e-01    1.287e-01    4.048e+00
   53    9072    6.318489e-01    2.991e-01    1.381e-01    3.315e+00
   54    9240    6.590041e-01    2.884e-01    1.993e-01    2.207e+01
   55    9408    6.830327e-01    2.784e-01    2.502e-01    2.034e+01
   56    9576    7.382577e-01    2.578e-01    3.591e-01    4.829e+01
   57    9744    7.384883e-01    2.577e-01    3.595e-01    2.110e-01
   58    9912    7.390844e-01    2.575e-01    3.606e-01    5.707e-01
   59   10080    7.439495e-01    2.559e-01    3.692e-01    4.649e+00
   60   10248    7.440021e-01    2.559e-01    3.693e-01    5.089e-02

                                            First-order      Norm of
 Iter F-count            f(x)  Feasibility   optimality         step
   61   10416    7.468997e-01    2.549e-01    3.745e-01    2.878e+00
   62   10584    7.629787e-01    2.493e-01    4.031e-01    1.597e+01
   63   10752    7.765266e-01    2.445e-01    4.264e-01    1.350e+01
   64   10920    7.771430e-01    2.443e-01    4.274e-01    6.075e-01
   65   11088    8.483055e-01    2.197e-01    5.432e-01    7.079e+01
   66   11256    8.570063e-01    2.164e-01    5.547e-01    8.248e+00
   67   11424    8.612380e-01    2.147e-01    5.603e-01    3.987e+00
   68   11592    8.613406e-01    2.147e-01    5.604e-01    9.548e-02
   69   11760    8.725777e-01    2.103e-01    5.742e-01    1.058e+01
   70   11928    8.726939e-01    2.103e-01    5.744e-01    1.078e-01
   71   12096    8.823052e-01    2.064e-01    5.862e-01    9.219e+00
   72   12264    8.893069e-01    2.036e-01    5.948e-01    6.638e+00
   73   12432    9.046394e-01    1.972e-01    6.131e-01    1.431e+01
   74   12600    9.203063e-01    1.906e-01    6.315e-01    1.421e+01
   75   12768    9.204569e-01    1.905e-01    6.316e-01    1.341e-01
   76   12936    9.321734e-01    1.855e-01    6.451e-01    1.047e+01
   77   13104    9.693778e-01    1.685e-01    6.867e-01    3.301e+01
   78   13272    9.695830e-01    1.684e-01    6.869e-01    1.770e-01
   79   13440    9.724461e-01    1.672e-01    6.897e-01    2.391e+00
   80   13608    9.846137e-01    1.619e-01    7.019e-01    1.021e+01
   81   13776    9.890507e-01    1.600e-01    7.063e-01    3.720e+00
   82   13944    9.901261e-01    1.596e-01    7.073e-01    8.749e-01
   83   14112    1.004087e+00    1.536e-01    7.201e-01    1.113e+01
   84   14280    1.004340e+00    1.535e-01    7.203e-01    1.924e-01
   85   14448    1.020116e+00    1.467e-01    7.332e-01    1.219e+01
   86   14616    1.020357e+00    1.466e-01    7.334e-01    1.825e-01
   87   14784    1.043063e+00    1.365e-01    7.533e-01    1.828e+01
   88   14952    1.044226e+00    1.359e-01    7.543e-01    8.974e-01
   89   15120    1.049927e+00    1.333e-01    7.589e-01    4.226e+00
   90   15288    1.058821e+00    1.291e-01    7.660e-01    6.493e+00

                                            First-order      Norm of
 Iter F-count            f(x)  Feasibility   optimality         step
   91   15456    1.071539e+00    1.231e-01    7.761e-01    9.158e+00
   92   15624    1.072052e+00    1.228e-01    7.766e-01    3.635e-01
   93   15792    1.088277e+00    1.147e-01    7.907e-01    1.135e+01
   94   15960    1.097400e+00    1.101e-01    7.986e-01    6.294e+00
   95   16128    1.123874e+00    9.648e-02    8.214e-01    1.793e+01
   96   16296    1.124658e+00    9.606e-02    8.220e-01    5.087e-01
   97   16464    1.157118e+00    8.094e-02    8.499e-01    2.220e+01
   98   16632    1.157404e+00    8.078e-02    8.502e-01    1.878e-01
   99   16800    1.178868e+00    6.967e-02    8.682e-01    1.436e+01
  100   16968    1.183062e+00    6.730e-02    8.716e-01    2.770e+00
  101   17136    1.230622e+00    6.072e-02    9.113e-01    3.133e+01
  102   17304    1.238823e+00    5.363e-02    9.181e-01    5.427e+00
  103   17472    1.254647e+00    4.042e-02    9.311e-01    1.054e+01
  104   17640    1.254807e+00    4.026e-02    9.312e-01    1.078e-01
  105   17808    1.271913e+00    2.413e-02    9.448e-01    1.420e+01
  106   17976    1.291134e+00    4.395e-03    9.604e-01    1.759e+01
  107   18144    1.294756e+00    1.744e-04    9.624e-01    5.392e+00
  108   18312    1.295499e+00    5.731e-05    9.609e-01    5.656e+00
  109   18480    1.295978e+00    3.538e-05    9.604e-01    4.878e+00
  110   18649    1.297048e+00    2.617e-07    9.612e-01    7.096e+00
  111   18825    1.297583e+00    1.224e-07    8.932e-04    3.982e+00

Feasible point with lower objective function value found.


Local minimum found that satisfies the constraints.

Optimization completed because the objective function is non-decreasing in 
feasible directions, to within the value of the optimality tolerance,
and constraints are satisfied to within the value of the constraint tolerance.

<stopping criteria details>
~~~~~~~~~~~~~~~~~~~~~~~~~~~~~~~~~~~~~~~~~~~~~~~~~~~~~~~~~~
Running OptimTraj, iteration 2
  -> Transcription via 4th-order Runge-Kutta method 
        nSegments = 20 
        nSubSteps = 2 
                                            First-order      Norm of
 Iter F-count            f(x)  Feasibility   optimality         step
    0     168    1.297583e+00    2.170e+00    8.346e-04
    1     336    1.291371e+00    1.895e+00    2.972e-02    1.019e+01
    2     504    1.291210e+00    1.878e+00    3.133e-02    6.942e-01
    3     672    1.291295e+00    1.640e+00    4.922e-02    9.965e+00
    4     840    1.292786e+00    1.492e+00    5.893e-02    6.433e+00
    5    1008    1.302067e+00    8.398e-01    1.020e-01    2.904e+01
    6    1176    1.325215e+00    6.484e-02    1.524e-01    3.542e+01
    7    1344    1.331264e+00    2.015e-04    1.488e-01    2.301e+00
    8    1512    1.335631e+00    2.422e-04    1.485e-01    3.611e+00
    9    1680    1.337793e+00    4.907e-05    1.479e-01    1.511e+00
   10    1848    1.343319e+00    2.957e-04    1.459e-01    3.824e+00
   11    2016    1.351298e+00    5.323e-04    1.422e-01    5.199e+00
   12    2184    1.358203e+00    2.958e-04    1.375e-01    4.312e+00
   13    2352    1.365110e+00    2.280e-04    1.310e-01    4.668e+00
   14    2520    1.380416e+00    1.269e-03    1.139e-01    1.130e+01
   15    2689    1.388812e+00    1.130e-03    1.046e-01    5.986e+00
   16    2858    1.393313e+00    8.246e-04    9.916e-02    3.352e+00
   17    3026    1.397177e+00    2.451e-04    9.593e-02    3.662e+00
   18    3194    1.409975e+00    1.220e-03    9.383e-02    9.328e+00
   19    3363    1.444291e+00    7.500e-04    8.917e-02    2.229e+01
   20    3534    1.459292e+00    1.545e-03    8.749e-02    9.038e+00
   21    3706    1.468780e+00    1.824e-03    8.642e-02    5.483e+00
   22    3878    1.478440e+00    2.090e-03    8.529e-02    5.467e+00
   23    4050    1.487959e+00    2.327e-03    8.409e-02    5.294e+00
   24    4222    1.497218e+00    2.529e-03    8.282e-02    5.065e+00
   25    4394    1.506123e+00    2.692e-03    8.150e-02    4.796e+00
   26    4566    1.514595e+00    2.811e-03    8.013e-02    4.496e+00
   27    4735    1.578396e+00    4.555e-03    1.297e-01    3.180e+01
   28    4903    1.582549e+00    1.934e-04    1.349e-01    5.596e+00
   29    5072    1.587908e+00    5.256e-06    1.448e-01    9.064e+00
   30    5241    1.593395e+00    4.720e-05    1.627e-01    1.626e+01

                                            First-order      Norm of
 Iter F-count            f(x)  Feasibility   optimality         step
   31    5410    1.588032e+00    4.477e-05    1.712e-01    1.154e+01
   32    5579    1.579446e+00    5.737e-05    1.780e-01    9.338e+00
   33    5748    1.576826e+00    1.316e-06    1.807e-01    3.179e+00
   34    5917    1.576608e+00    1.363e-07    1.825e-01    1.131e+00
   35    6086    1.578861e+00    4.783e-06    1.894e-01    2.111e+00
   36    6255    1.591253e+00    2.805e-04    2.186e-01    8.661e+00
   37    6429    1.610733e+00    1.280e-03    3.237e-03    1.730e+01
   38    6597    1.607634e+00    1.567e-03    1.096e-02    3.412e+00
   39    6765    1.593437e+00    4.559e-02    8.423e-02    2.224e+01
   40    6933    1.591317e+00    2.177e-03    1.049e-01    2.176e+01
   41    7101    1.561185e+00    7.554e-03    1.032e-01    1.908e+01
   42    7269    1.535108e+00    2.751e-03    8.996e-02    1.562e+01
   43    7437    1.516502e+00    1.517e-03    9.957e-02    1.079e+01
   44    7605    1.498416e+00    3.923e-03    6.737e-02    1.174e+01
   45    7773    1.493086e+00    6.523e-03    1.636e-01    1.205e+01
   46    7941    1.502601e+00    1.016e-02    2.848e-01    1.195e+01
   47    8109    1.524123e+00    1.701e-02    7.505e-02    1.329e+01
   48    8277    1.537135e+00    4.318e-03    7.730e-02    6.246e+00
   49    8445    1.545738e+00    1.487e-03    1.002e-01    4.245e+00
   50    8613    1.552447e+00    7.406e-04    1.279e-01    3.499e+00
   51    8781    1.555838e+00    1.670e-04    1.386e-01    2.483e+00
   52    8949    1.555576e+00    8.717e-05    1.338e-01    1.699e+00
   53    9117    1.553013e+00    2.128e-04    1.204e-01    1.840e+00
   54    9285    1.547661e+00    4.725e-04    9.795e-02    1.983e+00
   55    9453    1.536902e+00    1.509e-03    7.694e-02    3.407e+00
   56    9621    1.510237e+00    5.896e-03    7.597e-02    6.620e+00
   57    9789    1.442596e+00    1.443e-02    2.301e-01    1.749e+01
   58    9957    1.397275e+00    1.863e-02    3.780e-01    4.004e+01
   59   10125    1.373169e+00    1.030e-02    1.101e-01    3.093e+01
   60   10293    1.358137e+00    2.402e-03    1.108e-01    1.373e+01

                                            First-order      Norm of
 Iter F-count            f(x)  Feasibility   optimality         step
   61   10461    1.346451e+00    3.637e-03    1.119e-01    1.070e+01
   62   10629    1.339178e+00    1.703e-02    1.157e-01    1.760e+01
   63   10797    1.348882e+00    7.320e-03    7.864e-02    1.543e+01
   64   10965    1.359794e+00    3.341e-03    7.833e-02    9.627e+00
   65   11133    1.371633e+00    2.548e-03    8.030e-02    8.340e+00
   66   11301    1.379954e+00    3.945e-04    2.000e-02    5.616e+00
   67   11469    1.317158e+00    2.090e-02    1.104e-01    2.933e+01
   68   11637    1.284887e+00    1.034e-02    1.920e-01    2.858e+01
   69   11805    1.271563e+00    2.495e-03    3.112e-02    1.300e+01
   70   11973    1.269625e+00    1.518e-04    1.634e-02    4.402e+00
   71   12141    1.268979e+00    7.125e-05    1.800e-02    3.966e+00
   72   12309    1.269088e+00    4.642e-05    1.766e-02    2.121e+00
   73   12477    1.269241e+00    2.651e-05    8.156e-03    1.281e+00
   74   12645    1.269297e+00    2.090e-05    7.616e-03    6.977e-01
   75   12813    1.269308e+00    1.556e-05    7.256e-03    7.612e-01
   76   12981    1.269335e+00    9.006e-06    6.957e-03    5.141e-01
   77   13149    1.269424e+00    4.265e-05    6.218e-03    9.238e-01
   78   13317    1.269305e+00    1.886e-04    5.098e-03    1.990e+00
   79   13485    1.267033e+00    7.233e-04    6.142e-03    4.837e+00
   80   13653    1.255939e+00    1.676e-03    1.987e-02    1.292e+01
   81   13821    1.240210e+00    2.849e-03    1.310e-02    1.633e+01
   82   13989    1.240821e+00    1.807e-04    1.238e-02    1.085e+01
   83   14157    1.242317e+00    7.449e-04    1.424e-02    8.359e+00
   84   14325    1.244826e+00    1.006e-03    1.933e-02    1.031e+01
   85   14493    1.245917e+00    1.229e-04    2.133e-02    3.768e+00
   86   14661    1.246164e+00    5.289e-06    1.988e-02    8.141e-01
   87   14829    1.246223e+00    6.930e-07    1.970e-02    2.139e-01
   88   14997    1.246234e+00    2.431e-06    1.954e-02    2.328e-01
   89   15165    1.246223e+00    1.224e-05    1.924e-02    5.597e-01
   90   15333    1.246106e+00    5.453e-05    1.633e-02    1.295e+00

                                            First-order      Norm of
 Iter F-count            f(x)  Feasibility   optimality         step
   91   15501    1.245280e+00    1.811e-04    1.406e-02    2.915e+00
   92   15669    1.241139e+00    2.777e-04    1.356e-02    7.144e+00
   93   15837    1.227854e+00    4.526e-03    2.302e-02    1.735e+01
   94   16005    1.214062e+00    9.957e-03    2.886e-02    2.271e+01
   95   16173    1.214467e+00    6.046e-04    3.235e-02    1.027e+01
   96   16341    1.215454e+00    2.885e-05    1.610e-02    2.087e+00
   97   16509    1.216042e+00    8.277e-06    1.152e-02    9.683e-01
   98   16677    1.216137e+00    2.681e-07    1.125e-02    1.355e-01
   99   16845    1.216187e+00    2.615e-06    1.098e-02    2.387e-01
  100   17013    1.216208e+00    1.633e-05    9.742e-03    6.127e-01
  101   17181    1.216166e+00    3.065e-05    8.185e-03    8.265e-01
  102   17349    1.215952e+00    1.161e-04    4.778e-03    1.669e+00
  103   17517    1.214932e+00    3.754e-04    6.239e-03    3.624e+00
  104   17685    1.211538e+00    3.128e-04    8.749e-03    6.752e+00
  105   17853    1.207114e+00    4.802e-04    6.341e-03    7.977e+00
  106   18021    1.206217e+00    6.622e-04    5.968e-03    7.896e+00
  107   18189    1.207260e+00    2.548e-05    6.100e-03    1.886e+00
  108   18357    1.207789e+00    6.945e-06    4.254e-03    5.810e-01
  109   18525    1.207860e+00    1.525e-06    4.503e-03    1.861e-01
  110   18693    1.207857e+00    4.379e-07    4.578e-03    9.815e-02
  111   18861    1.207852e+00    1.750e-06    4.726e-03    1.950e-01
  112   19029    1.207858e+00    5.318e-06    5.004e-03    3.431e-01
  113   19197    1.207823e+00    1.114e-05    5.328e-03    5.998e-01
  114   19365    1.207406e+00    1.727e-05    5.096e-03    1.656e+00
  115   19533    1.205515e+00    1.826e-04    4.016e-03    5.802e+00
  116   19701    1.202115e+00    9.068e-04    5.005e-03    1.207e+01
  117   19869    1.201449e+00    2.337e-04    6.719e-03    8.699e+00
  118   20037    1.201888e+00    6.207e-06    6.784e-03    1.651e+00
  119   20205    1.202098e+00    2.411e-06    6.672e-03    3.463e-01
  120   20373    1.202113e+00    7.669e-08    6.661e-03    4.362e-02

                                            First-order      Norm of
 Iter F-count            f(x)  Feasibility   optimality         step
  121   20541    1.202129e+00    3.042e-07    6.646e-03    7.869e-02
  122   20709    1.202150e+00    1.153e-06    6.622e-03    1.606e-01
  123   20877    1.202177e+00    4.107e-06    6.589e-03    3.112e-01
  124   21045    1.202148e+00    1.284e-05    6.590e-03    6.671e-01
  125   21213    1.201714e+00    2.933e-05    6.892e-03    2.043e+00
  126   21381    1.200126e+00    1.569e-04    6.964e-03    5.861e+00
  127   21549    1.198721e+00    3.122e-04    4.000e-03    6.860e+00
  128   21717    1.155887e+00    2.129e-02    7.214e-02    3.536e+01
  129   21885    1.140137e+00    6.602e-03    3.534e-02    2.118e+01
  130   22053    1.140820e+00    6.309e-05    6.260e-03    3.101e+00
  131   22221    1.140846e+00    6.274e-06    6.454e-03    1.037e+00
  132   22389    1.140843e+00    1.054e-06    6.567e-03    3.252e-01
  133   22557    1.140833e+00    3.051e-07    6.661e-03    1.325e-01
  134   22725    1.140800e+00    6.860e-07    6.834e-03    1.358e-01
  135   22893    1.140709e+00    1.089e-06    7.134e-03    1.855e-01
  136   23061    1.140391e+00    3.028e-06    7.749e-03    4.431e-01
  137   23229    1.139215e+00    3.858e-05    6.653e-03    1.997e+00
  138   23397    1.136202e+00    2.577e-04    4.598e-03    5.904e+00
  139   23565    1.133506e+00    2.781e-04    8.303e-03    7.798e+00
  140   23733    1.133124e+00    3.210e-04    8.077e-03    5.214e+00
  141   23901    1.133595e+00    8.107e-05    3.412e-03    1.795e+00
  142   24069    1.133638e+00    1.740e-06    3.267e-03    2.436e-01
  143   24237    1.133630e+00    7.208e-08    3.213e-03    4.241e-02
  144   24405    1.133610e+00    1.029e-07    3.133e-03    5.219e-02
  145   24573    1.133571e+00    2.537e-07    3.014e-03    7.976e-02
  146   24741    1.133467e+00    7.088e-07    2.752e-03    1.927e-01
  147   24909    1.133089e+00    6.302e-06    2.287e-03    7.836e-01
  148   25077    1.131726e+00    6.991e-05    1.657e-03    3.072e+00
  149   25245    1.129051e+00    2.735e-04    1.010e-03    6.891e+00
  150   25413    1.127608e+00    1.613e-04    1.878e-03    7.039e+00

                                            First-order      Norm of
 Iter F-count            f(x)  Feasibility   optimality         step
  151   25581    1.127863e+00    1.747e-05    2.171e-03    2.188e+00
  152   25749    1.128010e+00    1.829e-05    2.230e-03    8.351e-01
  153   25917    1.128012e+00    8.187e-07    1.857e-03    1.592e-01
  154   26085    1.128007e+00    7.052e-08    1.525e-03    4.233e-02
  155   26253    1.127995e+00    2.208e-07    1.429e-03    7.554e-02
  156   26421    1.127963e+00    6.086e-07    1.229e-03    1.400e-01
  157   26589    1.127881e+00    1.766e-06    8.000e-04    2.645e-01
  158   26757    1.113274e+00    4.821e-03    2.354e-02    1.877e+01
  159   26925    1.109686e+00    1.620e-03    8.645e-03    7.595e+00
  160   27093    1.109442e+00    3.253e-05    9.409e-03    3.155e+00
  161   27261    1.108328e+00    1.179e-04    9.202e-03    4.124e+00
  162   27429    1.104912e+00    7.212e-04    6.342e-03    1.148e+01
  163   27597    1.106082e+00    5.627e-05    3.667e-03    2.791e+00
  164   27766    1.105576e+00    5.312e-05    2.976e-03    3.754e+00
  165   27934    1.105241e+00    6.896e-05    3.115e-03    3.571e+00
  166   28102    1.105275e+00    1.326e-06    2.299e-03    2.853e-01
  167   28270    1.105266e+00    4.208e-07    1.080e-03    1.236e-01
  168   28438    1.105240e+00    3.475e-07    9.370e-04    1.391e-01
  169   28606    1.105155e+00    1.277e-06    7.578e-04    2.648e-01
  170   28774    1.104803e+00    1.638e-05    9.782e-04    1.120e+00
  171   28942    1.103753e+00    1.499e-04    9.523e-04    3.548e+00
  172   29110    1.102992e+00    1.067e-04    4.595e-04    3.335e+00
  173   29278    1.102759e+00    7.425e-05    1.255e-03    3.748e+00
  174   29446    1.102940e+00    3.907e-06    1.078e-03    9.494e-01
  175   29614    1.102941e+00    1.070e-06    9.473e-04    2.887e-01
  176   29782    1.102940e+00    4.563e-08    9.812e-04    3.661e-02
  177   29950    1.102937e+00    2.531e-08    1.012e-03    2.794e-02
  178   30118    1.102924e+00    1.472e-08    1.046e-03    3.093e-02
  179   30286    1.102868e+00    2.691e-07    1.131e-03    1.418e-01
  180   30454    1.102628e+00    4.784e-06    1.445e-03    6.369e-01

                                            First-order      Norm of
 Iter F-count            f(x)  Feasibility   optimality         step
  181   30622    1.101975e+00    3.739e-05    2.313e-03    1.911e+00
  182   30790    1.101396e+00    2.702e-05    2.648e-03    2.914e+00
  183   30958    1.101511e+00    8.275e-06    2.239e-03    1.490e+00
  184   31126    1.101569e+00    1.186e-07    2.166e-03    1.643e-01
  185   31294    1.101575e+00    1.539e-09    2.038e-03    1.271e-02
  186   31462    1.101572e+00    6.440e-10    2.009e-03    1.080e-02
  187   31630    1.101557e+00    3.126e-08    2.006e-03    6.417e-02
  188   31798    1.101480e+00    7.712e-07    1.995e-03    3.196e-01
  189   31966    1.101149e+00    1.490e-05    1.917e-03    1.410e+00
  190   32134    1.100271e+00    1.227e-04    1.424e-03    4.096e+00
  191   32302    1.099761e+00    1.078e-04    5.742e-04    4.331e+00
  192   32470    1.099973e+00    2.881e-06    6.366e-04    1.198e+00
  193   32638    1.100027e+00    8.661e-07    4.809e-04    2.403e-01
  194   32806    1.100030e+00    1.208e-07    4.159e-04    6.773e-02
  195   32974    1.100028e+00    3.449e-07    4.187e-04    1.023e-01
  196   33142    1.100016e+00    5.607e-07    4.476e-04    1.306e-01
  197   33310    1.099975e+00    3.605e-07    6.190e-04    1.747e-01
  198   33478    1.099804e+00    1.713e-06    9.126e-04    6.504e-01
  199   33646    1.099192e+00    1.948e-05    1.164e-03    2.546e+00
  200   33814    1.098334e+00    4.401e-05    4.297e-04    4.925e+00
  201   33982    1.098589e+00    8.122e-06    5.479e-04    1.859e+00
  202   34150    1.098649e+00    3.781e-07    6.024e-04    2.545e-01
  203   34318    1.098652e+00    5.116e-08    6.168e-04    4.650e-02
  204   34486    1.098651e+00    4.717e-08    6.323e-04    4.368e-02
  205   34654    1.098645e+00    1.998e-08    6.427e-04    3.928e-02
  206   34822    1.098612e+00    3.850e-08    6.606e-04    1.334e-01
  207   34990    1.098469e+00    7.448e-07    7.597e-04    5.792e-01
  208   35158    1.098086e+00    4.724e-06    1.052e-03    1.666e+00
  209   35326    1.097856e+00    4.840e-06    4.537e-04    1.726e+00
  210   35494    1.097892e+00    3.154e-06    1.600e-04    9.628e-01

                                            First-order      Norm of
 Iter F-count            f(x)  Feasibility   optimality         step
  211   35662    1.094313e+00    5.366e-04    3.915e-03    7.018e+00
  212   35830    1.093973e+00    7.592e-05    2.180e-03    1.316e+00
  213   35998    1.093871e+00    1.011e-05    1.530e-03    1.020e+00
  214   36166    1.093869e+00    1.038e-07    1.521e-03    8.867e-02
  215   36334    1.093866e+00    1.170e-08    1.520e-03    3.763e-02
  216   36502    1.093844e+00    4.558e-08    1.519e-03    7.524e-02
  217   36670    1.093744e+00    8.246e-07    1.513e-03    3.398e-01
  218   36838    1.093394e+00    9.942e-06    1.131e-03    1.187e+00
  219   37006    1.093105e+00    7.991e-06    2.558e-04    1.069e+00
  220   37175    1.093017e+00    1.079e-05    3.535e-04    1.043e+00
  221   37343    1.093055e+00    2.029e-06    2.713e-04    5.550e-01
  222   37511    1.093080e+00    9.901e-07    2.173e-04    2.722e-01
  223   37679    1.093082e+00    1.487e-08    2.180e-04    2.827e-02
  224   37847    1.093079e+00    9.166e-10    2.177e-04    1.415e-02
  225   38015    1.093060e+00    3.066e-08    2.157e-04    6.446e-02
  226   38183    1.092972e+00    6.998e-07    2.575e-04    3.050e-01
  227   38351    1.092634e+00    1.050e-05    4.847e-04    1.185e+00
  228   38520    1.092507e+00    8.277e-06    3.097e-04    5.040e-01
  229   38688    1.092423e+00    1.260e-06    1.383e-04    6.875e-01
  230   38856    1.092510e+00    4.934e-07    2.308e-04    2.052e-01
  231   39024    1.092511e+00    1.106e-09    2.286e-04    1.564e-02
  232   39192    1.092509e+00    1.270e-10    2.254e-04    5.307e-03
  233   39360    1.092503e+00    4.021e-09    2.183e-04    2.712e-02
  234   39528    1.092472e+00    8.655e-08    1.896e-04    1.294e-01
  235   39696    1.092362e+00    1.186e-06    1.494e-04    4.919e-01
  236   39864    1.092221e+00    2.463e-06    3.591e-04    8.327e-01
  237   40032    1.092256e+00    3.391e-07    4.531e-04    3.802e-01
  238   40200    1.092269e+00    8.086e-08    4.915e-04    1.529e-01
  239   40368    1.092270e+00    2.360e-09    4.974e-04    1.406e-02
  240   40536    1.092269e+00    6.486e-10    5.016e-04    1.217e-02

                                            First-order      Norm of
 Iter F-count            f(x)  Feasibility   optimality         step
  241   40704    1.092261e+00    7.633e-09    5.098e-04    4.604e-02
  242   40872    1.092224e+00    1.599e-07    5.503e-04    2.050e-01
  243   41040    1.092113e+00    1.688e-06    6.928e-04    6.931e-01
  244   41208    1.092043e+00    1.749e-06    7.827e-04    9.449e-01
  245   41376    1.092096e+00    2.745e-07    6.684e-04    5.481e-01
  246   41544    1.092110e+00    4.208e-08    6.211e-04    1.257e-01
  247   41712    1.092111e+00    1.169e-09    6.145e-04    1.222e-02
  248   41880    1.092109e+00    3.204e-10    6.147e-04    1.004e-02
  249   42048    1.092100e+00    9.506e-09    6.238e-04    4.776e-02
  250   42216    1.092055e+00    2.115e-07    6.697e-04    2.202e-01
  251   42384    1.091908e+00    2.492e-06    1.926e-04    7.582e-01
  252   42552    1.091814e+00    1.418e-06    1.974e-04    6.566e-01
  253   42720    1.091868e+00    1.027e-06    2.387e-04    3.556e-01
  254   42888    1.091872e+00    3.750e-08    2.578e-04    7.104e-02
  255   43056    1.091871e+00    1.940e-09    2.618e-04    1.372e-02
  256   43224    1.091869e+00    9.892e-10    2.653e-04    1.456e-02
  257   43392    1.091858e+00    1.775e-08    2.801e-04    6.951e-02
  258   43560    1.091809e+00    3.959e-07    3.492e-04    3.306e-01
  259   43728    1.091625e+00    5.916e-06    6.812e-04    1.292e+00
  260   43896    1.091407e+00    1.300e-05    1.298e-03    2.062e+00
  261   44064    1.091510e+00    3.999e-07    3.040e-04    3.328e-01
  262   44232    1.091516e+00    3.685e-08    2.978e-04    8.498e-02
  263   44400    1.091515e+00    8.356e-10    2.981e-04    1.303e-02
  264   44568    1.091513e+00    7.798e-10    2.991e-04    1.548e-02
  265   44736    1.091503e+00    1.119e-08    3.041e-04    7.218e-02
  266   44904    1.091457e+00    2.127e-07    2.436e-04    3.283e-01
  267   45072    1.091313e+00    1.971e-06    2.741e-04    1.048e+00
  268   45240    1.091244e+00    6.739e-07    3.185e-04    8.148e-01
  269   45408    1.091304e+00    2.910e-07    1.829e-04    2.041e-01
  270   45576    1.091309e+00    6.062e-09    1.839e-04    3.634e-02

                                            First-order      Norm of
 Iter F-count            f(x)  Feasibility   optimality         step
  271   45744    1.091309e+00    4.057e-11    1.847e-04    6.255e-03
  272   45912    1.091306e+00    7.900e-10    1.874e-04    2.364e-02
  273   46080    1.091293e+00    2.218e-08    2.000e-04    1.157e-01
  274   46248    1.091235e+00    4.638e-07    2.804e-04    5.201e-01
  275   46416    1.091072e+00    4.613e-06    4.538e-04    1.600e+00
  276   46584    1.091002e+00    3.217e-06    3.612e-04    1.123e+00
  277   46752    1.091052e+00    5.725e-07    1.193e-04    4.360e-01
  278   46920    1.091056e+00    6.628e-08    1.113e-04    7.727e-02
  279   47088    1.091056e+00    1.541e-09    1.104e-04    8.705e-03
  280   47256    1.091056e+00    1.825e-10    1.105e-04    3.608e-03
  281   47424    1.091055e+00    2.890e-10    1.113e-04    1.360e-02
  282   47592    1.091048e+00    5.832e-09    1.147e-04    6.766e-02
  283   47760    1.091018e+00    1.303e-07    1.305e-04    3.142e-01
  284   47928    1.090919e+00    1.634e-06    2.237e-04    1.104e+00
  285   48096    1.090845e+00    2.465e-06    4.274e-04    1.378e+00
  286   48264    1.090894e+00    7.094e-07    4.764e-04    4.579e-01
  287   48432    1.090903e+00    4.791e-08    4.877e-04    1.101e-01
  288   48600    1.090904e+00    1.577e-09    4.858e-04    1.101e-02
  289   48768    1.090904e+00    3.231e-10    4.847e-04    5.297e-03
  290   48936    1.090902e+00    1.252e-09    4.871e-04    2.388e-02
  291   49104    1.090892e+00    2.060e-08    5.031e-04    1.124e-01
  292   49272    1.090861e+00    2.742e-07    5.678e-04    4.183e-01
  293   49440    1.090822e+00    1.071e-06    7.265e-04    8.635e-01
  294   49608    1.090829e+00    1.314e-06    8.004e-04    9.580e-01
  295   49776    1.090846e+00    5.072e-07    6.651e-04    4.293e-01
  296   49944    1.090849e+00    9.746e-09    6.753e-04    4.863e-02
  297   50112    1.090850e+00    5.379e-10    6.802e-04    6.776e-03
  298   50280    1.090849e+00    1.078e-09    6.843e-04    1.332e-02
  299   50448    1.090845e+00    1.162e-08    6.934e-04    5.895e-02
  300   50616    1.090826e+00    2.258e-07    7.298e-04    2.742e-01

                                            First-order      Norm of
 Iter F-count            f(x)  Feasibility   optimality         step
  301   50784    1.090760e+00    3.132e-06    7.331e-04    1.028e+00
  302   50952    1.090697e+00    8.271e-06    5.418e-04    1.683e+00
  303   51120    1.090731e+00    4.669e-07    2.621e-04    3.920e-01
  304   51288    1.090736e+00    5.068e-09    2.380e-04    3.131e-02
  305   51456    1.090736e+00    6.090e-10    2.418e-04    8.123e-03
  306   51624    1.090736e+00    6.868e-10    2.451e-04    1.104e-02
  307   51792    1.090732e+00    5.243e-09    2.483e-04    3.929e-02
  308   51960    1.090714e+00    7.332e-08    2.528e-04    1.692e-01
  309   52128    1.090661e+00    7.412e-07    2.689e-04    5.348e-01
  310   52296    1.090613e+00    2.030e-06    3.572e-04    7.354e-01
  311   52464    1.090621e+00    2.117e-06    4.815e-04    6.439e-01
  312   52632    1.090632e+00    2.904e-07    5.490e-04    1.781e-01
  313   52800    1.090633e+00    3.180e-09    5.603e-04    1.394e-02
  314   52968    1.090633e+00    2.408e-09    5.697e-04    1.235e-02
  315   53136    1.090632e+00    3.365e-09    5.791e-04    1.640e-02
  316   53304    1.090629e+00    9.867e-09    5.847e-04    4.329e-02
  317   53472    1.090610e+00    5.976e-08    5.695e-04    1.857e-01
  318   53640    1.090542e+00    4.595e-07    4.751e-04    6.969e-01
  319   53808    1.090465e+00    1.062e-06    3.647e-04    1.223e+00
  320   53976    1.090497e+00    4.414e-07    4.329e-04    6.120e-01
  321   54144    1.090507e+00    7.187e-08    4.677e-04    1.484e-01
  322   54312    1.090508e+00    8.901e-09    4.850e-04    2.791e-02
  323   54480    1.090508e+00    6.061e-09    4.981e-04    2.104e-02
  324   54648    1.090505e+00    1.260e-08    5.045e-04    4.723e-02
  325   54816    1.090488e+00    6.689e-08    5.247e-04    2.112e-01
  326   54984    1.090418e+00    7.687e-07    5.736e-04    9.032e-01
  327   55152    1.090268e+00    6.892e-06    4.323e-04    2.307e+00
  328   55320    1.090292e+00    7.618e-06    4.114e-04    1.456e+00
  329   55488    1.090328e+00    9.635e-07    9.867e-05    5.463e-01
  330   55656    1.090330e+00    1.150e-09    9.191e-05    1.908e-02

                                            First-order      Norm of
 Iter F-count            f(x)  Feasibility   optimality         step
  331   55824    1.090329e+00    8.452e-11    9.245e-05    5.113e-03
  332   55992    1.090328e+00    3.543e-10    9.291e-05    1.301e-02
  333   56160    1.090323e+00    1.600e-08    9.305e-05    8.304e-02
  334   56328    1.090302e+00    4.131e-07    1.536e-04    4.096e-01
  335   56496    1.090226e+00    6.666e-06    3.014e-04    1.609e+00
  336   56664    1.090123e+00    3.539e-05    4.630e-04    3.457e+00
  337   56832    1.090143e+00    4.847e-05    2.736e-04    3.565e+00
  338   57000    1.090186e+00    4.673e-06    1.421e-04    1.053e+00
  339   57168    1.090188e+00    4.377e-09    1.415e-04    2.300e-02
  340   57336    1.090188e+00    7.225e-10    1.411e-04    8.947e-03
  341   57504    1.090186e+00    8.973e-09    1.395e-04    5.119e-02
  342   57672    1.090173e+00    1.978e-07    1.317e-04    2.588e-01
  343   57840    1.090117e+00    4.059e-06    1.755e-04    1.170e+00
  344   58008    1.089973e+00    4.197e-05    4.749e-04    3.595e+00
  345   58176    1.089900e+00    8.529e-05    7.800e-04    4.329e+00
  346   58344    1.089893e+00    4.387e-05    9.856e-04    2.981e+00
  347   58512    1.089916e+00    3.229e-06    9.671e-04    9.076e-01
  348   58680    1.089912e+00    1.399e-06    8.805e-04    5.395e-01
  349   58848    1.089911e+00    3.446e-08    8.761e-04    7.761e-02
  350   59016    1.089910e+00    3.244e-09    8.736e-04    2.083e-02
  351   59184    1.089905e+00    8.204e-10    8.672e-04    3.671e-02
  352   59352    1.089883e+00    5.951e-08    8.376e-04    2.272e-01
  353   59520    1.089791e+00    1.109e-06    7.104e-04    9.818e-01
  354   59688    1.089600e+00    8.191e-06    9.896e-04    2.280e+00
  355   59856    1.089532e+00    8.459e-06    1.358e-03    1.347e+00
  356   60024    1.089547e+00    2.794e-06    4.738e-04    5.752e-01
  357   60192    1.089556e+00    1.411e-08    5.029e-04    5.357e-02
  358   60360    1.089557e+00    2.366e-09    5.130e-04    1.219e-02
  359   60528    1.089556e+00    1.420e-09    5.182e-04    8.980e-03
  360   60696    1.089554e+00    2.370e-09    5.224e-04    1.859e-02

                                            First-order      Norm of
 Iter F-count            f(x)  Feasibility   optimality         step
  361   60864    1.089544e+00    2.289e-08    5.277e-04    7.928e-02
  362   61032    1.089499e+00    3.766e-07    5.420e-04    3.443e-01
  363   61200    1.089382e+00    2.881e-06    5.950e-04    9.790e-01
  364   61368    1.089357e+00    1.565e-06    7.259e-04    7.284e-01
  365   61536    1.089386e+00    1.560e-07    6.694e-04    2.352e-01
  366   61704    1.089389e+00    2.175e-09    5.708e-04    2.637e-02
  367   61872    1.089388e+00    1.460e-09    5.035e-04    7.463e-03
  368   62040    1.089387e+00    9.426e-10    4.378e-04    9.290e-03
  369   62208    1.089384e+00    5.326e-09    3.624e-04    3.177e-02
  370   62376    1.089367e+00    7.200e-08    2.668e-04    1.530e-01
  371   62544    1.089312e+00    1.358e-06    1.603e-04    5.651e-01
  372   62712    1.089258e+00    3.310e-06    6.790e-05    8.639e-01
  373   62880    1.089282e+00    3.307e-07    6.850e-05    2.807e-01
  374   63048    1.089287e+00    9.646e-09    5.599e-05    4.566e-02
  375   63216    1.089288e+00    1.037e-09    5.697e-05    1.172e-02
  376   63384    1.089287e+00    1.183e-09    5.744e-05    1.015e-02
  377   63552    1.089286e+00    5.506e-09    5.821e-05    2.812e-02
  378   63720    1.089281e+00    3.743e-08    5.984e-05    1.070e-01
  379   63888    1.089260e+00    2.611e-07    1.147e-04    3.970e-01
  380   64056    1.089230e+00    8.708e-07    2.385e-04    8.828e-01
  381   64224    1.089241e+00    1.308e-06    1.639e-04    7.731e-01
  382   64392    1.089253e+00    1.832e-07    9.570e-05    2.312e-01
  383   64560    1.089254e+00    1.210e-08    9.574e-05    2.625e-02
  384   64728    1.089253e+00    1.046e-08    9.417e-05    2.657e-02
  385   64896    1.089252e+00    7.496e-09    9.275e-05    1.993e-02
  386   65064    1.089251e+00    9.642e-09    9.182e-05    4.252e-02
  387   65232    1.089244e+00    3.719e-08    9.793e-05    2.195e-01
  388   65400    1.089221e+00    5.622e-07    1.887e-04    9.022e-01
  389   65568    1.089189e+00    4.194e-06    9.720e-05    2.090e+00
  390   65736    1.089213e+00    4.753e-06    3.866e-04    1.804e+00

                                            First-order      Norm of
 Iter F-count            f(x)  Feasibility   optimality         step
  391   65904    1.089232e+00    7.108e-07    4.163e-04    6.236e-01
  392   66072    1.089234e+00    3.159e-09    4.183e-04    2.875e-02
  393   66240    1.089234e+00    4.009e-10    4.184e-04    1.067e-02
  394   66408    1.089233e+00    6.410e-10    4.172e-04    2.468e-02
  395   66576    1.089230e+00    1.331e-08    4.099e-04    1.106e-01
  396   66744    1.089214e+00    3.149e-07    3.735e-04    5.277e-01
  397   66912    1.089150e+00    5.873e-06    3.646e-04    2.272e+00
  398   67080    1.089022e+00    4.712e-05    1.735e-04    6.268e+00
  399   67248    1.089007e+00    4.283e-05    1.148e-04    5.224e+00
  400   67416    1.089029e+00    3.253e-06    2.652e-04    1.617e+00
  401   67584    1.089029e+00    5.811e-08    2.747e-04    2.424e-01
  402   67752    1.089029e+00    2.482e-09    2.776e-04    3.240e-02
  403   67920    1.089029e+00    3.780e-11    2.791e-04    2.566e-03
  404   68088    1.089027e+00    2.372e-10    2.794e-04    1.297e-02
  405   68256    1.089022e+00    9.630e-09    2.766e-04    5.933e-02
  406   68424    1.088998e+00    2.225e-07    2.592e-04    2.727e-01
  407   68592    1.088922e+00    2.419e-06    2.461e-04    9.250e-01
  408   68760    1.088884e+00    1.862e-06    3.175e-04    1.002e+00
  409   68928    1.088911e+00    1.042e-07    2.797e-04    2.268e-01
  410   69096    1.088913e+00    1.780e-09    2.747e-04    3.145e-02
  411   69264    1.088913e+00    8.671e-11    2.756e-04    5.532e-03
  412   69432    1.088913e+00    9.639e-11    2.773e-04    6.467e-03
  413   69600    1.088910e+00    8.431e-10    2.797e-04    2.634e-02
  414   69768    1.088900e+00    2.542e-08    2.846e-04    1.291e-01
  415   69936    1.088852e+00    5.943e-07    2.981e-04    5.807e-01
  416   70104    1.088725e+00    5.551e-06    3.676e-04    1.749e+00
  417   70272    1.088704e+00    1.705e-06    2.836e-04    1.085e+00
  418   70440    1.088726e+00    5.526e-08    2.517e-04    2.824e-01
  419   70608    1.088727e+00    1.086e-08    2.543e-04    5.644e-02
  420   70776    1.088727e+00    1.538e-09    2.566e-04    1.744e-02

                                            First-order      Norm of
 Iter F-count            f(x)  Feasibility   optimality         step
  421   70944    1.088726e+00    4.509e-10    2.580e-04    7.551e-03
  422   71112    1.088724e+00    3.474e-09    2.630e-04    2.087e-02
  423   71280    1.088715e+00    7.316e-08    2.872e-04    9.737e-02
  424   71448    1.088683e+00    1.108e-06    3.801e-04    3.783e-01
  425   71616    1.088638e+00    4.002e-06    4.979e-04    7.267e-01
  426   71784    1.088649e+00    6.142e-07    4.880e-04    3.503e-01
  427   71952    1.088654e+00    5.202e-09    4.734e-04    6.576e-02
  428   72120    1.088655e+00    1.014e-09    4.768e-04    8.610e-03
  429   72288    1.088655e+00    1.113e-09    4.817e-04    6.553e-03
  430   72456    1.088654e+00    1.478e-09    4.891e-04    1.012e-02
  431   72624    1.088652e+00    1.457e-08    5.061e-04    3.812e-02
  432   72792    1.088643e+00    2.822e-07    5.220e-04    1.816e-01
  433   72960    1.088600e+00    5.110e-06    4.288e-04    7.928e-01
  434   73128    1.088498e+00    3.631e-05    1.004e-04    2.134e+00
  435   73296    1.088492e+00    4.694e-06    1.616e-04    8.634e-01
  436   73464    1.088507e+00    1.248e-07    9.835e-05    1.631e-01
  437   73632    1.088507e+00    4.019e-10    1.024e-04    1.025e-02
  438   73800    1.088507e+00    7.628e-10    1.064e-04    6.421e-03
  439   73968    1.088507e+00    9.018e-10    1.102e-04    7.838e-03
  440   74136    1.088506e+00    7.140e-10    1.105e-04    2.450e-02
  441   74304    1.088501e+00    2.569e-08    9.602e-05    1.118e-01
  442   74472    1.088480e+00    5.103e-07    1.399e-04    4.543e-01
  443   74640    1.088446e+00    2.692e-06    1.028e-04    1.043e+00
  444   74808    1.088456e+00    1.281e-06    2.182e-04    7.558e-01
  445   74976    1.088464e+00    6.421e-08    2.492e-04    1.657e-01
  446   75144    1.088464e+00    1.609e-10    2.507e-04    5.178e-03
  447   75312    1.088464e+00    3.864e-11    2.513e-04    1.606e-03
  448   75480    1.088464e+00    3.087e-10    2.531e-04    6.035e-03
  449   75648    1.088463e+00    5.028e-09    2.607e-04    3.046e-02
  450   75816    1.088458e+00    1.086e-07    2.958e-04    1.470e-01

                                            First-order      Norm of
 Iter F-count            f(x)  Feasibility   optimality         step
  451   75984    1.088437e+00    2.114e-06    3.754e-04    6.619e-01
  452   76152    1.088385e+00    2.084e-05    4.417e-04    2.127e+00
  453   76320    1.088377e+00    3.511e-05    5.869e-04    2.870e+00
  454   76488    1.088397e+00    1.534e-06    5.585e-04    8.327e-01
  455   76656    1.088400e+00    5.774e-08    5.120e-04    7.392e-02
  456   76824    1.088400e+00    9.231e-08    4.660e-04    9.962e-02
  457   76992    1.088401e+00    1.915e-09    4.524e-04    1.577e-02
  458   77160    1.088401e+00    4.538e-10    4.508e-04    8.375e-03
  459   77328    1.088400e+00    2.231e-11    4.499e-04    6.009e-03
  460   77496    1.088399e+00    5.469e-09    4.418e-04    4.064e-02
  461   77664    1.088392e+00    1.425e-07    4.040e-04    2.004e-01
  462   77832    1.088369e+00    2.139e-06    2.604e-04    7.773e-01
  463   78000    1.088339e+00    8.293e-06    6.828e-05    1.572e+00
  464   78168    1.088346e+00    3.061e-06    1.704e-04    1.009e+00
  465   78336    1.088350e+00    2.048e-08    1.552e-04    9.962e-02
  466   78504    1.088350e+00    3.790e-10    1.542e-04    1.171e-02
  467   78672    1.088350e+00    2.607e-09    1.583e-04    1.808e-02
  468   78840    1.088350e+00    9.909e-09    1.674e-04    3.937e-02
  469   79008    1.088349e+00    3.540e-08    1.831e-04    8.282e-02
  470   79176    1.088340e+00    5.522e-08    1.900e-04    1.876e-01
  471   79344    1.088308e+00    8.991e-07    1.291e-04    5.694e-01
  472   79512    1.088260e+00    1.079e-05    5.303e-04    1.287e+00
  473   79680    1.088262e+00    4.514e-06    2.853e-04    8.120e-01
  474   79848    1.088263e+00    1.176e-07    1.822e-04    1.043e-01
  475   80016    1.088263e+00    1.034e-08    1.458e-04    3.045e-02
  476   80184    1.088263e+00    3.182e-09    1.301e-04    1.695e-02
  477   80352    1.088262e+00    7.565e-09    1.082e-04    2.577e-02
  478   80520    1.088262e+00    9.471e-09    8.492e-05    3.117e-02
  479   80688    1.088260e+00    1.018e-08    8.529e-05    4.437e-02
  480   80856    1.088255e+00    4.990e-08    9.089e-05    1.346e-01

                                            First-order      Norm of
 Iter F-count            f(x)  Feasibility   optimality         step
  481   81024    1.088237e+00    1.073e-06    8.551e-05    4.847e-01
  482   81192    1.088215e+00    4.407e-06    1.272e-04    8.679e-01
  483   81360    1.088224e+00    1.136e-06    1.031e-04    3.998e-01
  484   81528    1.088226e+00    3.406e-08    1.257e-04    6.851e-02
  485   81696    1.088226e+00    4.716e-10    1.279e-04    5.310e-03
  486   81864    1.088226e+00    4.568e-10    1.298e-04    4.685e-03
  487   82032    1.088226e+00    9.550e-10    1.194e-04    6.935e-03
  488   82200    1.088226e+00    4.089e-09    1.035e-04    1.808e-02
  489   82368    1.088223e+00    5.114e-08    7.820e-05    7.916e-02
  490   82536    1.088210e+00    8.820e-07    6.473e-05    3.686e-01
  491   82704    1.088161e+00    1.188e-05    7.059e-05    1.387e+00
  492   82872    1.088106e+00    3.359e-05    2.317e-04    2.193e+00
  493   83040    1.088123e+00    3.022e-06    1.985e-04    6.470e-01
  494   83208    1.088125e+00    1.820e-08    9.503e-05    5.123e-02
  495   83376    1.088126e+00    3.566e-09    8.947e-05    1.499e-02
  496   83544    1.088125e+00    2.487e-09    7.519e-05    1.035e-02
  497   83712    1.088125e+00    2.857e-09    5.409e-05    1.144e-02
  498   83880    1.088125e+00    1.329e-08    4.086e-05    2.516e-02
  499   84048    1.088125e+00    5.734e-08    6.867e-05    5.319e-02
  500   84216    1.088124e+00    1.400e-07    1.122e-04    8.560e-02
  501   84384    1.088121e+00    5.320e-08    1.218e-04    1.440e-01
  502   84552    1.088113e+00    8.775e-07    1.209e-04    5.490e-01
  503   84720    1.088107e+00    5.209e-06    1.789e-04    1.084e+00
  504   84888    1.088111e+00    1.697e-06    6.876e-05    6.580e-01
  505   85056    1.088113e+00    1.635e-08    6.115e-05    3.959e-02
  506   85224    1.088113e+00    5.723e-10    6.249e-05    9.475e-03
  507   85392    1.088113e+00    3.124e-09    6.874e-05    1.449e-02
  508   85560    1.088113e+00    6.133e-09    7.916e-05    1.962e-02
  509   85728    1.088113e+00    1.848e-08    9.782e-05    3.386e-02
  510   85896    1.088112e+00    6.810e-08    1.337e-04    6.668e-02

                                            First-order      Norm of
 Iter F-count            f(x)  Feasibility   optimality         step
  511   86064    1.088112e+00    2.388e-07    2.026e-04    1.263e-01
  512   86232    1.088110e+00    7.682e-07    3.334e-04    2.392e-01
  513   86400    1.088103e+00    1.770e-06    5.649e-04    5.057e-01
  514   86568    1.088084e+00    8.747e-06    8.683e-04    1.300e+00
  515   86736    1.088056e+00    6.237e-06    1.049e-03    2.164e+00
  516   86904    1.088054e+00    1.725e-05    4.511e-04    1.219e+00
  517   87072    1.088063e+00    1.915e-06    1.291e-04    4.464e-01
  518   87240    1.088065e+00    1.054e-08    3.984e-05    6.800e-02
  519   87408    1.088065e+00    3.799e-09    3.363e-05    1.738e-02
  520   87576    1.088065e+00    1.372e-10    3.293e-05    2.928e-03
  521   87744    1.088065e+00    6.248e-10    3.226e-05    5.943e-03
  522   87912    1.088065e+00    2.532e-09    3.200e-05    1.159e-02
  523   88080    1.086784e+00    1.286e-04    1.888e-03    4.337e+00
  524   88248    1.086760e+00    6.457e-06    2.973e-04    6.142e-01
  525   88416    1.086760e+00    1.788e-07    4.078e-05    1.087e-01
  526   88584    1.086760e+00    3.653e-09    3.241e-05    1.329e-02
  527   88752    1.086760e+00    1.284e-08    3.961e-05    2.557e-02
  528   88920    1.086760e+00    1.900e-07    4.149e-05    1.084e-01
  529   89088    1.086760e+00    2.154e-06    4.539e-05    3.748e-01
  530   89256    1.086761e+00    5.499e-07    6.327e-05    1.994e-01
  531   89424    1.086761e+00    4.188e-10    5.770e-05    9.240e-03
  532   89592    1.086761e+00    1.074e-09    6.220e-05    7.767e-03
  533   89760    1.086761e+00    1.479e-09    6.737e-05    8.443e-03
  534   89928    1.086761e+00    4.512e-09    7.615e-05    1.490e-02
  535   90096    1.086761e+00    1.076e-08    8.975e-05    2.278e-02
  536   90264    1.086761e+00    2.678e-08    1.115e-04    3.578e-02
  537   90432    1.086761e+00    7.190e-08    1.475e-04    5.824e-02
  538   90600    1.086761e+00    1.710e-07    2.043e-04    8.968e-02
  539   90768    1.086760e+00    4.435e-07    2.968e-04    1.423e-01
  540   90936    1.086760e+00    1.190e-06    4.443e-04    2.300e-01

                                            First-order      Norm of
 Iter F-count            f(x)  Feasibility   optimality         step
  541   91104    1.086757e+00    3.292e-06    6.657e-04    4.033e-01
  542   91272    1.086752e+00    1.227e-05    9.620e-04    8.320e-01
  543   91440    1.086742e+00    3.457e-05    1.245e-03    1.761e+00
  544   91608    1.086725e+00    4.583e-05    1.632e-03    2.986e+00
  545   91776    1.086713e+00    4.072e-05    1.660e-03    2.966e+00
  546   91944    1.086711e+00    2.081e-05    9.221e-04    1.223e+00
  547   92112    1.086712e+00    3.037e-06    2.565e-04    3.697e-01
  548   92280    1.086712e+00    2.143e-07    4.532e-05    1.576e-01
  549   92448    1.086712e+00    4.101e-09    2.525e-05    2.731e-02
  550   92616    1.086712e+00    2.516e-10    2.256e-05    4.367e-03
  551   92784    1.086712e+00    3.232e-09    1.651e-05    1.602e-02
  552   92952    1.086712e+00    7.584e-09    2.420e-05    2.409e-02
  553   93120    1.086712e+00    2.183e-08    4.412e-05    4.043e-02
  554   93288    1.086712e+00    5.124e-08    7.534e-05    5.962e-02
  555   93456    1.086712e+00    1.471e-07    1.287e-04    9.747e-02
  556   93624    1.086712e+00    3.707e-07    2.138e-04    1.456e-01
  557   93792    1.086711e+00    1.035e-06    3.554e-04    2.290e-01
  558   93960    1.086710e+00    2.708e-06    5.870e-04    3.764e-01
  559   94128    1.086707e+00    7.188e-06    9.701e-04    7.739e-01
  560   94296    1.086698e+00    1.774e-05    1.588e-03    1.903e+00
  561   94464    1.086678e+00    3.411e-05    2.509e-03    4.660e+00
  562   94632    1.086640e+00    7.947e-05    3.440e-03    8.789e+00
  563   94800    1.086620e+00    2.146e-05    3.100e-03    2.096e+00
  564   94968    1.086604e+00    1.220e-04    5.465e-04    2.358e+00
  565   95136    1.086617e+00    4.550e-07    3.296e-04    2.010e-01
  566   95304    1.086617e+00    2.514e-08    3.335e-05    4.861e-02
  567   95472    1.086617e+00    1.417e-09    3.107e-05    9.127e-03
  568   95640    1.086617e+00    5.196e-11    3.063e-05    1.727e-03
  569   95808    1.086617e+00    4.026e-10    2.980e-05    5.671e-03
  570   95976    1.086617e+00    6.203e-09    2.471e-05    1.894e-02

                                            First-order      Norm of
 Iter F-count            f(x)  Feasibility   optimality         step
  571   96144    1.086617e+00    1.517e-08    2.500e-05    2.951e-02
  572   96312    1.086617e+00    3.127e-08    4.655e-05    4.105e-02
  573   96480    1.086617e+00    1.041e-07    8.804e-05    7.369e-02
  574   96648    1.086617e+00    2.468e-07    1.499e-04    1.134e-01
  575   96816    1.086616e+00    6.465e-07    2.459e-04    1.915e-01
  576   96984    1.086616e+00    1.463e-06    3.816e-04    3.338e-01
  577   97152    1.086614e+00    2.903e-06    5.385e-04    6.149e-01
  578   97320    1.086611e+00    7.220e-06    7.167e-04    1.085e+00
  579   97488    1.086606e+00    1.405e-05    7.962e-04    1.566e+00
  580   97656    1.086603e+00    1.203e-05    6.999e-04    1.370e+00
  581   97824    1.086603e+00    5.815e-06    3.669e-04    5.144e-01
  582   97992    1.086603e+00    5.344e-07    9.043e-05    1.774e-01
  583   98160    1.086603e+00    2.963e-08    1.086e-05    5.044e-02
  584   98328    1.086603e+00    2.208e-10    6.400e-06    6.012e-03
  585   98496    1.086332e+00    1.364e-05    3.788e-04    1.811e+00
  586   98664    1.086331e+00    2.930e-07    1.993e-05    2.355e-01
  587   98832    1.086331e+00    7.298e-09    9.058e-06    2.645e-02
  588   99000    1.086331e+00    8.190e-11    7.428e-06    3.025e-03
  589   99168    1.086331e+00    1.754e-10    7.846e-06    4.330e-03
  590   99336    1.086331e+00    1.986e-09    8.336e-06    1.522e-02
  591   99504    1.086331e+00    1.494e-09    1.283e-05    1.242e-02
  592   99672    1.086331e+00    1.220e-08    2.959e-05    3.383e-02
  593   99840    1.086331e+00    2.392e-08    5.314e-05    4.744e-02
  594   100008    1.086330e+00    6.736e-08    9.211e-05    7.880e-02

Solver stopped prematurely.

fmincon stopped because it exceeded the function evaluation limit,
options.MaxFunctionEvaluations = 1.000000e+05.

Elapsed time is 25.477164 seconds.
>> 